reference_date,target,horizon,target_end_date,location,output_type,output_type_id,value
2026-04-04,peak inc flu hosp,NA,NA,01,quantile,0.01,501.0
2026-04-04,peak inc flu hosp,NA,NA,01,quantile,0.025,501.0
2026-04-04,peak inc flu hosp,NA,NA,01,quantile,0.05,501.0
2026-04-04,peak inc flu hosp,NA,NA,01,quantile,0.1,501.0
2026-04-04,peak inc flu hosp,NA,NA,01,quantile,0.15,501.0
2026-04-04,peak inc flu hosp,NA,NA,01,quantile,0.2,501.0
2026-04-04,peak inc flu hosp,NA,NA,01,quantile,0.25,501.0
2026-04-04,peak inc flu hosp,NA,NA,01,quantile,0.3,501.0
2026-04-04,peak inc flu hosp,NA,NA,01,quantile,0.35,501.0
2026-04-04,peak inc flu hosp,NA,NA,01,quantile,0.4,501.0
2026-04-04,peak inc flu hosp,NA,NA,01,quantile,0.45,501.0
2026-04-04,peak inc flu hosp,NA,NA,01,quantile,0.5,503.0
2026-04-04,peak inc flu hosp,NA,NA,01,quantile,0.55,505.0
2026-04-04,peak inc flu hosp,NA,NA,01,quantile,0.6,507.0
2026-04-04,peak inc flu hosp,NA,NA,01,quantile,0.65,509.0
2026-04-04,peak inc flu hosp,NA,NA,01,quantile,0.7,511.0
2026-04-04,peak inc flu hosp,NA,NA,01,quantile,0.75,513.0
2026-04-04,peak inc flu hosp,NA,NA,01,quantile,0.8,517.0
2026-04-04,peak inc flu hosp,NA,NA,01,quantile,0.85,533.0
2026-04-04,peak inc flu hosp,NA,NA,01,quantile,0.9,594.0
2026-04-04,peak inc flu hosp,NA,NA,01,quantile,0.95,829.0
2026-04-04,peak inc flu hosp,NA,NA,01,quantile,0.975,1668.0
2026-04-04,peak inc flu hosp,NA,NA,01,quantile,0.99,4218.0
2026-04-04,peak inc flu hosp,NA,NA,02,quantile,0.01,86.0
2026-04-04,peak inc flu hosp,NA,NA,02,quantile,0.025,86.0
2026-04-04,peak inc flu hosp,NA,NA,02,quantile,0.05,86.0
2026-04-04,peak inc flu hosp,NA,NA,02,quantile,0.1,86.0
2026-04-04,peak inc flu hosp,NA,NA,02,quantile,0.15,86.0
2026-04-04,peak inc flu hosp,NA,NA,02,quantile,0.2,86.0
2026-04-04,peak inc flu hosp,NA,NA,02,quantile,0.25,86.0
2026-04-04,peak inc flu hosp,NA,NA,02,quantile,0.3,86.0
2026-04-04,peak inc flu hosp,NA,NA,02,quantile,0.35,86.0
2026-04-04,peak inc flu hosp,NA,NA,02,quantile,0.4,86.0
2026-04-04,peak inc flu hosp,NA,NA,02,quantile,0.45,86.0
2026-04-04,peak inc flu hosp,NA,NA,02,quantile,0.5,86.0
2026-04-04,peak inc flu hosp,NA,NA,02,quantile,0.55,86.0
2026-04-04,peak inc flu hosp,NA,NA,02,quantile,0.6,87.0
2026-04-04,peak inc flu hosp,NA,NA,02,quantile,0.65,87.0
2026-04-04,peak inc flu hosp,NA,NA,02,quantile,0.7,87.0
2026-04-04,peak inc flu hosp,NA,NA,02,quantile,0.75,88.0
2026-04-04,peak inc flu hosp,NA,NA,02,quantile,0.8,88.0
2026-04-04,peak inc flu hosp,NA,NA,02,quantile,0.85,89.0
2026-04-04,peak inc flu hosp,NA,NA,02,quantile,0.9,93.0
2026-04-04,peak inc flu hosp,NA,NA,02,quantile,0.95,118.0
2026-04-04,peak inc flu hosp,NA,NA,02,quantile,0.975,242.0
2026-04-04,peak inc flu hosp,NA,NA,02,quantile,0.99,701.0
2026-04-04,peak inc flu hosp,NA,NA,04,quantile,0.01,367.0
2026-04-04,peak inc flu hosp,NA,NA,04,quantile,0.025,398.0
2026-04-04,peak inc flu hosp,NA,NA,04,quantile,0.05,407.0
2026-04-04,peak inc flu hosp,NA,NA,04,quantile,0.1,415.0
2026-04-04,peak inc flu hosp,NA,NA,04,quantile,0.15,415.0
2026-04-04,peak inc flu hosp,NA,NA,04,quantile,0.2,415.0
2026-04-04,peak inc flu hosp,NA,NA,04,quantile,0.25,415.0
2026-04-04,peak inc flu hosp,NA,NA,04,quantile,0.3,415.0
2026-04-04,peak inc flu hosp,NA,NA,04,quantile,0.35,415.0
2026-04-04,peak inc flu hosp,NA,NA,04,quantile,0.4,416.0
2026-04-04,peak inc flu hosp,NA,NA,04,quantile,0.45,417.0
2026-04-04,peak inc flu hosp,NA,NA,04,quantile,0.5,419.0
2026-04-04,peak inc flu hosp,NA,NA,04,quantile,0.55,422.0
2026-04-04,peak inc flu hosp,NA,NA,04,quantile,0.6,423.0
2026-04-04,peak inc flu hosp,NA,NA,04,quantile,0.65,429.0
2026-04-04,peak inc flu hosp,NA,NA,04,quantile,0.7,438.0
2026-04-04,peak inc flu hosp,NA,NA,04,quantile,0.75,444.0
2026-04-04,peak inc flu hosp,NA,NA,04,quantile,0.8,457.0
2026-04-04,peak inc flu hosp,NA,NA,04,quantile,0.85,474.0
2026-04-04,peak inc flu hosp,NA,NA,04,quantile,0.9,557.0
2026-04-04,peak inc flu hosp,NA,NA,04,quantile,0.95,886.0
2026-04-04,peak inc flu hosp,NA,NA,04,quantile,0.975,2249.0
2026-04-04,peak inc flu hosp,NA,NA,04,quantile,0.99,4082.0
2026-04-04,peak inc flu hosp,NA,NA,05,quantile,0.01,297.0
2026-04-04,peak inc flu hosp,NA,NA,05,quantile,0.025,297.0
2026-04-04,peak inc flu hosp,NA,NA,05,quantile,0.05,297.0
2026-04-04,peak inc flu hosp,NA,NA,05,quantile,0.1,297.0
2026-04-04,peak inc flu hosp,NA,NA,05,quantile,0.15,297.0
2026-04-04,peak inc flu hosp,NA,NA,05,quantile,0.2,297.0
2026-04-04,peak inc flu hosp,NA,NA,05,quantile,0.25,297.0
2026-04-04,peak inc flu hosp,NA,NA,05,quantile,0.3,297.0
2026-04-04,peak inc flu hosp,NA,NA,05,quantile,0.35,297.0
2026-04-04,peak inc flu hosp,NA,NA,05,quantile,0.4,297.0
2026-04-04,peak inc flu hosp,NA,NA,05,quantile,0.45,297.0
2026-04-04,peak inc flu hosp,NA,NA,05,quantile,0.5,298.0
2026-04-04,peak inc flu hosp,NA,NA,05,quantile,0.55,299.0
2026-04-04,peak inc flu hosp,NA,NA,05,quantile,0.6,301.0
2026-04-04,peak inc flu hosp,NA,NA,05,quantile,0.65,302.0
2026-04-04,peak inc flu hosp,NA,NA,05,quantile,0.7,303.0
2026-04-04,peak inc flu hosp,NA,NA,05,quantile,0.75,305.0
2026-04-04,peak inc flu hosp,NA,NA,05,quantile,0.8,309.0
2026-04-04,peak inc flu hosp,NA,NA,05,quantile,0.85,329.0
2026-04-04,peak inc flu hosp,NA,NA,05,quantile,0.9,385.0
2026-04-04,peak inc flu hosp,NA,NA,05,quantile,0.95,565.0
2026-04-04,peak inc flu hosp,NA,NA,05,quantile,0.975,971.0
2026-04-04,peak inc flu hosp,NA,NA,05,quantile,0.99,2500.0
2026-04-04,peak inc flu hosp,NA,NA,06,quantile,0.01,2029.0
2026-04-04,peak inc flu hosp,NA,NA,06,quantile,0.025,2075.0
2026-04-04,peak inc flu hosp,NA,NA,06,quantile,0.05,2114.0
2026-04-04,peak inc flu hosp,NA,NA,06,quantile,0.1,2147.0
2026-04-04,peak inc flu hosp,NA,NA,06,quantile,0.15,2150.0
2026-04-04,peak inc flu hosp,NA,NA,06,quantile,0.2,2150.0
2026-04-04,peak inc flu hosp,NA,NA,06,quantile,0.25,2150.0
2026-04-04,peak inc flu hosp,NA,NA,06,quantile,0.3,2150.0
2026-04-04,peak inc flu hosp,NA,NA,06,quantile,0.35,2150.0
2026-04-04,peak inc flu hosp,NA,NA,06,quantile,0.4,2154.0
2026-04-04,peak inc flu hosp,NA,NA,06,quantile,0.45,2164.0
2026-04-04,peak inc flu hosp,NA,NA,06,quantile,0.5,2176.0
2026-04-04,peak inc flu hosp,NA,NA,06,quantile,0.55,2185.0
2026-04-04,peak inc flu hosp,NA,NA,06,quantile,0.6,2195.0
2026-04-04,peak inc flu hosp,NA,NA,06,quantile,0.65,2208.0
2026-04-04,peak inc flu hosp,NA,NA,06,quantile,0.7,2223.0
2026-04-04,peak inc flu hosp,NA,NA,06,quantile,0.75,2259.0
2026-04-04,peak inc flu hosp,NA,NA,06,quantile,0.8,2326.0
2026-04-04,peak inc flu hosp,NA,NA,06,quantile,0.85,2427.0
2026-04-04,peak inc flu hosp,NA,NA,06,quantile,0.9,2657.0
2026-04-04,peak inc flu hosp,NA,NA,06,quantile,0.95,4246.0
2026-04-04,peak inc flu hosp,NA,NA,06,quantile,0.975,13699.0
2026-04-04,peak inc flu hosp,NA,NA,06,quantile,0.99,35564.0
2026-04-04,peak inc flu hosp,NA,NA,08,quantile,0.01,830.0
2026-04-04,peak inc flu hosp,NA,NA,08,quantile,0.025,830.0
2026-04-04,peak inc flu hosp,NA,NA,08,quantile,0.05,830.0
2026-04-04,peak inc flu hosp,NA,NA,08,quantile,0.1,830.0
2026-04-04,peak inc flu hosp,NA,NA,08,quantile,0.15,830.0
2026-04-04,peak inc flu hosp,NA,NA,08,quantile,0.2,830.0
2026-04-04,peak inc flu hosp,NA,NA,08,quantile,0.25,830.0
2026-04-04,peak inc flu hosp,NA,NA,08,quantile,0.3,830.0
2026-04-04,peak inc flu hosp,NA,NA,08,quantile,0.35,830.0
2026-04-04,peak inc flu hosp,NA,NA,08,quantile,0.4,830.0
2026-04-04,peak inc flu hosp,NA,NA,08,quantile,0.45,830.0
2026-04-04,peak inc flu hosp,NA,NA,08,quantile,0.5,831.0
2026-04-04,peak inc flu hosp,NA,NA,08,quantile,0.55,834.0
2026-04-04,peak inc flu hosp,NA,NA,08,quantile,0.6,837.0
2026-04-04,peak inc flu hosp,NA,NA,08,quantile,0.65,841.0
2026-04-04,peak inc flu hosp,NA,NA,08,quantile,0.7,844.0
2026-04-04,peak inc flu hosp,NA,NA,08,quantile,0.75,847.0
2026-04-04,peak inc flu hosp,NA,NA,08,quantile,0.8,850.0
2026-04-04,peak inc flu hosp,NA,NA,08,quantile,0.85,859.0
2026-04-04,peak inc flu hosp,NA,NA,08,quantile,0.9,898.0
2026-04-04,peak inc flu hosp,NA,NA,08,quantile,0.95,1192.0
2026-04-04,peak inc flu hosp,NA,NA,08,quantile,0.975,2643.0
2026-04-04,peak inc flu hosp,NA,NA,08,quantile,0.99,6985.0
2026-04-04,peak inc flu hosp,NA,NA,09,quantile,0.01,777.0
2026-04-04,peak inc flu hosp,NA,NA,09,quantile,0.025,777.0
2026-04-04,peak inc flu hosp,NA,NA,09,quantile,0.05,777.0
2026-04-04,peak inc flu hosp,NA,NA,09,quantile,0.1,777.0
2026-04-04,peak inc flu hosp,NA,NA,09,quantile,0.15,777.0
2026-04-04,peak inc flu hosp,NA,NA,09,quantile,0.2,777.0
2026-04-04,peak inc flu hosp,NA,NA,09,quantile,0.25,777.0
2026-04-04,peak inc flu hosp,NA,NA,09,quantile,0.3,777.0
2026-04-04,peak inc flu hosp,NA,NA,09,quantile,0.35,777.0
2026-04-04,peak inc flu hosp,NA,NA,09,quantile,0.4,777.0
2026-04-04,peak inc flu hosp,NA,NA,09,quantile,0.45,777.0
2026-04-04,peak inc flu hosp,NA,NA,09,quantile,0.5,778.0
2026-04-04,peak inc flu hosp,NA,NA,09,quantile,0.55,780.0
2026-04-04,peak inc flu hosp,NA,NA,09,quantile,0.6,784.0
2026-04-04,peak inc flu hosp,NA,NA,09,quantile,0.65,787.0
2026-04-04,peak inc flu hosp,NA,NA,09,quantile,0.7,790.0
2026-04-04,peak inc flu hosp,NA,NA,09,quantile,0.75,793.0
2026-04-04,peak inc flu hosp,NA,NA,09,quantile,0.8,796.0
2026-04-04,peak inc flu hosp,NA,NA,09,quantile,0.85,804.0
2026-04-04,peak inc flu hosp,NA,NA,09,quantile,0.9,840.0
2026-04-04,peak inc flu hosp,NA,NA,09,quantile,0.95,1069.0
2026-04-04,peak inc flu hosp,NA,NA,09,quantile,0.975,2128.0
2026-04-04,peak inc flu hosp,NA,NA,09,quantile,0.99,6258.0
2026-04-04,peak inc flu hosp,NA,NA,10,quantile,0.01,211.0
2026-04-04,peak inc flu hosp,NA,NA,10,quantile,0.025,211.0
2026-04-04,peak inc flu hosp,NA,NA,10,quantile,0.05,211.0
2026-04-04,peak inc flu hosp,NA,NA,10,quantile,0.1,211.0
2026-04-04,peak inc flu hosp,NA,NA,10,quantile,0.15,211.0
2026-04-04,peak inc flu hosp,NA,NA,10,quantile,0.2,211.0
2026-04-04,peak inc flu hosp,NA,NA,10,quantile,0.25,211.0
2026-04-04,peak inc flu hosp,NA,NA,10,quantile,0.3,211.0
2026-04-04,peak inc flu hosp,NA,NA,10,quantile,0.35,211.0
2026-04-04,peak inc flu hosp,NA,NA,10,quantile,0.4,211.0
2026-04-04,peak inc flu hosp,NA,NA,10,quantile,0.45,211.0
2026-04-04,peak inc flu hosp,NA,NA,10,quantile,0.5,211.0
2026-04-04,peak inc flu hosp,NA,NA,10,quantile,0.55,212.0
2026-04-04,peak inc flu hosp,NA,NA,10,quantile,0.6,213.0
2026-04-04,peak inc flu hosp,NA,NA,10,quantile,0.65,214.0
2026-04-04,peak inc flu hosp,NA,NA,10,quantile,0.7,215.0
2026-04-04,peak inc flu hosp,NA,NA,10,quantile,0.75,215.0
2026-04-04,peak inc flu hosp,NA,NA,10,quantile,0.8,216.0
2026-04-04,peak inc flu hosp,NA,NA,10,quantile,0.85,218.0
2026-04-04,peak inc flu hosp,NA,NA,10,quantile,0.9,228.0
2026-04-04,peak inc flu hosp,NA,NA,10,quantile,0.95,303.0
2026-04-04,peak inc flu hosp,NA,NA,10,quantile,0.975,578.0
2026-04-04,peak inc flu hosp,NA,NA,10,quantile,0.99,1616.0
2026-04-04,peak inc flu hosp,NA,NA,11,quantile,0.01,106.0
2026-04-04,peak inc flu hosp,NA,NA,11,quantile,0.025,106.0
2026-04-04,peak inc flu hosp,NA,NA,11,quantile,0.05,106.0
2026-04-04,peak inc flu hosp,NA,NA,11,quantile,0.1,106.0
2026-04-04,peak inc flu hosp,NA,NA,11,quantile,0.15,106.0
2026-04-04,peak inc flu hosp,NA,NA,11,quantile,0.2,106.0
2026-04-04,peak inc flu hosp,NA,NA,11,quantile,0.25,106.0
2026-04-04,peak inc flu hosp,NA,NA,11,quantile,0.3,106.0
2026-04-04,peak inc flu hosp,NA,NA,11,quantile,0.35,106.0
2026-04-04,peak inc flu hosp,NA,NA,11,quantile,0.4,106.0
2026-04-04,peak inc flu hosp,NA,NA,11,quantile,0.45,106.0
2026-04-04,peak inc flu hosp,NA,NA,11,quantile,0.5,106.0
2026-04-04,peak inc flu hosp,NA,NA,11,quantile,0.55,106.0
2026-04-04,peak inc flu hosp,NA,NA,11,quantile,0.6,107.0
2026-04-04,peak inc flu hosp,NA,NA,11,quantile,0.65,107.0
2026-04-04,peak inc flu hosp,NA,NA,11,quantile,0.7,108.0
2026-04-04,peak inc flu hosp,NA,NA,11,quantile,0.75,108.0
2026-04-04,peak inc flu hosp,NA,NA,11,quantile,0.8,109.0
2026-04-04,peak inc flu hosp,NA,NA,11,quantile,0.85,110.0
2026-04-04,peak inc flu hosp,NA,NA,11,quantile,0.9,115.0
2026-04-04,peak inc flu hosp,NA,NA,11,quantile,0.95,146.0
2026-04-04,peak inc flu hosp,NA,NA,11,quantile,0.975,265.0
2026-04-04,peak inc flu hosp,NA,NA,11,quantile,0.99,740.0
2026-04-04,peak inc flu hosp,NA,NA,12,quantile,0.01,2604.0
2026-04-04,peak inc flu hosp,NA,NA,12,quantile,0.025,2604.0
2026-04-04,peak inc flu hosp,NA,NA,12,quantile,0.05,2604.0
2026-04-04,peak inc flu hosp,NA,NA,12,quantile,0.1,2604.0
2026-04-04,peak inc flu hosp,NA,NA,12,quantile,0.15,2604.0
2026-04-04,peak inc flu hosp,NA,NA,12,quantile,0.2,2604.0
2026-04-04,peak inc flu hosp,NA,NA,12,quantile,0.25,2604.0
2026-04-04,peak inc flu hosp,NA,NA,12,quantile,0.3,2604.0
2026-04-04,peak inc flu hosp,NA,NA,12,quantile,0.35,2604.0
2026-04-04,peak inc flu hosp,NA,NA,12,quantile,0.4,2604.0
2026-04-04,peak inc flu hosp,NA,NA,12,quantile,0.45,2610.0
2026-04-04,peak inc flu hosp,NA,NA,12,quantile,0.5,2619.0
2026-04-04,peak inc flu hosp,NA,NA,12,quantile,0.55,2631.0
2026-04-04,peak inc flu hosp,NA,NA,12,quantile,0.6,2640.0
2026-04-04,peak inc flu hosp,NA,NA,12,quantile,0.65,2650.0
2026-04-04,peak inc flu hosp,NA,NA,12,quantile,0.7,2660.0
2026-04-04,peak inc flu hosp,NA,NA,12,quantile,0.75,2679.0
2026-04-04,peak inc flu hosp,NA,NA,12,quantile,0.8,2722.0
2026-04-04,peak inc flu hosp,NA,NA,12,quantile,0.85,2817.0
2026-04-04,peak inc flu hosp,NA,NA,12,quantile,0.9,3304.0
2026-04-04,peak inc flu hosp,NA,NA,12,quantile,0.95,8803.0
2026-04-04,peak inc flu hosp,NA,NA,12,quantile,0.975,18436.0
2026-04-04,peak inc flu hosp,NA,NA,12,quantile,0.99,25960.0
2026-04-04,peak inc flu hosp,NA,NA,13,quantile,0.01,1399.0
2026-04-04,peak inc flu hosp,NA,NA,13,quantile,0.025,1399.0
2026-04-04,peak inc flu hosp,NA,NA,13,quantile,0.05,1399.0
2026-04-04,peak inc flu hosp,NA,NA,13,quantile,0.1,1399.0
2026-04-04,peak inc flu hosp,NA,NA,13,quantile,0.15,1399.0
2026-04-04,peak inc flu hosp,NA,NA,13,quantile,0.2,1399.0
2026-04-04,peak inc flu hosp,NA,NA,13,quantile,0.25,1399.0
2026-04-04,peak inc flu hosp,NA,NA,13,quantile,0.3,1399.0
2026-04-04,peak inc flu hosp,NA,NA,13,quantile,0.35,1399.0
2026-04-04,peak inc flu hosp,NA,NA,13,quantile,0.4,1399.0
2026-04-04,peak inc flu hosp,NA,NA,13,quantile,0.45,1399.0
2026-04-04,peak inc flu hosp,NA,NA,13,quantile,0.5,1402.0
2026-04-04,peak inc flu hosp,NA,NA,13,quantile,0.55,1406.0
2026-04-04,peak inc flu hosp,NA,NA,13,quantile,0.6,1412.0
2026-04-04,peak inc flu hosp,NA,NA,13,quantile,0.65,1418.0
2026-04-04,peak inc flu hosp,NA,NA,13,quantile,0.7,1423.0
2026-04-04,peak inc flu hosp,NA,NA,13,quantile,0.75,1429.0
2026-04-04,peak inc flu hosp,NA,NA,13,quantile,0.8,1437.0
2026-04-04,peak inc flu hosp,NA,NA,13,quantile,0.85,1463.0
2026-04-04,peak inc flu hosp,NA,NA,13,quantile,0.9,1584.0
2026-04-04,peak inc flu hosp,NA,NA,13,quantile,0.95,2033.0
2026-04-04,peak inc flu hosp,NA,NA,13,quantile,0.975,4455.0
2026-04-04,peak inc flu hosp,NA,NA,13,quantile,0.99,11775.0
2026-04-04,peak inc flu hosp,NA,NA,15,quantile,0.01,110.0
2026-04-04,peak inc flu hosp,NA,NA,15,quantile,0.025,110.0
2026-04-04,peak inc flu hosp,NA,NA,15,quantile,0.05,110.0
2026-04-04,peak inc flu hosp,NA,NA,15,quantile,0.1,110.0
2026-04-04,peak inc flu hosp,NA,NA,15,quantile,0.15,110.0
2026-04-04,peak inc flu hosp,NA,NA,15,quantile,0.2,110.0
2026-04-04,peak inc flu hosp,NA,NA,15,quantile,0.25,110.0
2026-04-04,peak inc flu hosp,NA,NA,15,quantile,0.3,110.0
2026-04-04,peak inc flu hosp,NA,NA,15,quantile,0.35,110.0
2026-04-04,peak inc flu hosp,NA,NA,15,quantile,0.4,110.0
2026-04-04,peak inc flu hosp,NA,NA,15,quantile,0.45,110.0
2026-04-04,peak inc flu hosp,NA,NA,15,quantile,0.5,110.0
2026-04-04,peak inc flu hosp,NA,NA,15,quantile,0.55,110.0
2026-04-04,peak inc flu hosp,NA,NA,15,quantile,0.6,111.0
2026-04-04,peak inc flu hosp,NA,NA,15,quantile,0.65,111.0
2026-04-04,peak inc flu hosp,NA,NA,15,quantile,0.7,112.0
2026-04-04,peak inc flu hosp,NA,NA,15,quantile,0.75,112.0
2026-04-04,peak inc flu hosp,NA,NA,15,quantile,0.8,113.0
2026-04-04,peak inc flu hosp,NA,NA,15,quantile,0.85,114.0
2026-04-04,peak inc flu hosp,NA,NA,15,quantile,0.9,119.0
2026-04-04,peak inc flu hosp,NA,NA,15,quantile,0.95,158.0
2026-04-04,peak inc flu hosp,NA,NA,15,quantile,0.975,350.0
2026-04-04,peak inc flu hosp,NA,NA,15,quantile,0.99,926.0
2026-04-04,peak inc flu hosp,NA,NA,16,quantile,0.01,235.0
2026-04-04,peak inc flu hosp,NA,NA,16,quantile,0.025,235.0
2026-04-04,peak inc flu hosp,NA,NA,16,quantile,0.05,235.0
2026-04-04,peak inc flu hosp,NA,NA,16,quantile,0.1,235.0
2026-04-04,peak inc flu hosp,NA,NA,16,quantile,0.15,235.0
2026-04-04,peak inc flu hosp,NA,NA,16,quantile,0.2,235.0
2026-04-04,peak inc flu hosp,NA,NA,16,quantile,0.25,235.0
2026-04-04,peak inc flu hosp,NA,NA,16,quantile,0.3,235.0
2026-04-04,peak inc flu hosp,NA,NA,16,quantile,0.35,235.0
2026-04-04,peak inc flu hosp,NA,NA,16,quantile,0.4,235.0
2026-04-04,peak inc flu hosp,NA,NA,16,quantile,0.45,235.0
2026-04-04,peak inc flu hosp,NA,NA,16,quantile,0.5,235.0
2026-04-04,peak inc flu hosp,NA,NA,16,quantile,0.55,236.0
2026-04-04,peak inc flu hosp,NA,NA,16,quantile,0.6,237.0
2026-04-04,peak inc flu hosp,NA,NA,16,quantile,0.65,238.0
2026-04-04,peak inc flu hosp,NA,NA,16,quantile,0.7,239.0
2026-04-04,peak inc flu hosp,NA,NA,16,quantile,0.75,240.0
2026-04-04,peak inc flu hosp,NA,NA,16,quantile,0.8,241.0
2026-04-04,peak inc flu hosp,NA,NA,16,quantile,0.85,245.0
2026-04-04,peak inc flu hosp,NA,NA,16,quantile,0.9,264.0
2026-04-04,peak inc flu hosp,NA,NA,16,quantile,0.95,341.0
2026-04-04,peak inc flu hosp,NA,NA,16,quantile,0.975,751.0
2026-04-04,peak inc flu hosp,NA,NA,16,quantile,0.99,1978.0
2026-04-04,peak inc flu hosp,NA,NA,17,quantile,0.01,1741.0
2026-04-04,peak inc flu hosp,NA,NA,17,quantile,0.025,1741.0
2026-04-04,peak inc flu hosp,NA,NA,17,quantile,0.05,1741.0
2026-04-04,peak inc flu hosp,NA,NA,17,quantile,0.1,1741.0
2026-04-04,peak inc flu hosp,NA,NA,17,quantile,0.15,1741.0
2026-04-04,peak inc flu hosp,NA,NA,17,quantile,0.2,1741.0
2026-04-04,peak inc flu hosp,NA,NA,17,quantile,0.25,1741.0
2026-04-04,peak inc flu hosp,NA,NA,17,quantile,0.3,1741.0
2026-04-04,peak inc flu hosp,NA,NA,17,quantile,0.35,1741.0
2026-04-04,peak inc flu hosp,NA,NA,17,quantile,0.4,1741.0
2026-04-04,peak inc flu hosp,NA,NA,17,quantile,0.45,1742.0
2026-04-04,peak inc flu hosp,NA,NA,17,quantile,0.5,1744.0
2026-04-04,peak inc flu hosp,NA,NA,17,quantile,0.55,1750.0
2026-04-04,peak inc flu hosp,NA,NA,17,quantile,0.6,1758.0
2026-04-04,peak inc flu hosp,NA,NA,17,quantile,0.65,1765.0
2026-04-04,peak inc flu hosp,NA,NA,17,quantile,0.7,1772.0
2026-04-04,peak inc flu hosp,NA,NA,17,quantile,0.75,1778.0
2026-04-04,peak inc flu hosp,NA,NA,17,quantile,0.8,1790.0
2026-04-04,peak inc flu hosp,NA,NA,17,quantile,0.85,1826.0
2026-04-04,peak inc flu hosp,NA,NA,17,quantile,0.9,2063.0
2026-04-04,peak inc flu hosp,NA,NA,17,quantile,0.95,3735.0
2026-04-04,peak inc flu hosp,NA,NA,17,quantile,0.975,12064.0
2026-04-04,peak inc flu hosp,NA,NA,17,quantile,0.99,14653.0
2026-04-04,peak inc flu hosp,NA,NA,18,quantile,0.01,906.0
2026-04-04,peak inc flu hosp,NA,NA,18,quantile,0.025,906.0
2026-04-04,peak inc flu hosp,NA,NA,18,quantile,0.05,906.0
2026-04-04,peak inc flu hosp,NA,NA,18,quantile,0.1,906.0
2026-04-04,peak inc flu hosp,NA,NA,18,quantile,0.15,906.0
2026-04-04,peak inc flu hosp,NA,NA,18,quantile,0.2,906.0
2026-04-04,peak inc flu hosp,NA,NA,18,quantile,0.25,906.0
2026-04-04,peak inc flu hosp,NA,NA,18,quantile,0.3,906.0
2026-04-04,peak inc flu hosp,NA,NA,18,quantile,0.35,906.0
2026-04-04,peak inc flu hosp,NA,NA,18,quantile,0.4,906.0
2026-04-04,peak inc flu hosp,NA,NA,18,quantile,0.45,906.0
2026-04-04,peak inc flu hosp,NA,NA,18,quantile,0.5,908.0
2026-04-04,peak inc flu hosp,NA,NA,18,quantile,0.55,910.0
2026-04-04,peak inc flu hosp,NA,NA,18,quantile,0.6,914.0
2026-04-04,peak inc flu hosp,NA,NA,18,quantile,0.65,918.0
2026-04-04,peak inc flu hosp,NA,NA,18,quantile,0.7,922.0
2026-04-04,peak inc flu hosp,NA,NA,18,quantile,0.75,925.0
2026-04-04,peak inc flu hosp,NA,NA,18,quantile,0.8,930.0
2026-04-04,peak inc flu hosp,NA,NA,18,quantile,0.85,944.0
2026-04-04,peak inc flu hosp,NA,NA,18,quantile,0.9,1026.0
2026-04-04,peak inc flu hosp,NA,NA,18,quantile,0.95,1700.0
2026-04-04,peak inc flu hosp,NA,NA,18,quantile,0.975,4091.0
2026-04-04,peak inc flu hosp,NA,NA,18,quantile,0.99,7625.0
2026-04-04,peak inc flu hosp,NA,NA,19,quantile,0.01,382.0
2026-04-04,peak inc flu hosp,NA,NA,19,quantile,0.025,382.0
2026-04-04,peak inc flu hosp,NA,NA,19,quantile,0.05,382.0
2026-04-04,peak inc flu hosp,NA,NA,19,quantile,0.1,382.0
2026-04-04,peak inc flu hosp,NA,NA,19,quantile,0.15,382.0
2026-04-04,peak inc flu hosp,NA,NA,19,quantile,0.2,382.0
2026-04-04,peak inc flu hosp,NA,NA,19,quantile,0.25,382.0
2026-04-04,peak inc flu hosp,NA,NA,19,quantile,0.3,382.0
2026-04-04,peak inc flu hosp,NA,NA,19,quantile,0.35,382.0
2026-04-04,peak inc flu hosp,NA,NA,19,quantile,0.4,382.0
2026-04-04,peak inc flu hosp,NA,NA,19,quantile,0.45,382.0
2026-04-04,peak inc flu hosp,NA,NA,19,quantile,0.5,383.0
2026-04-04,peak inc flu hosp,NA,NA,19,quantile,0.55,384.0
2026-04-04,peak inc flu hosp,NA,NA,19,quantile,0.6,386.0
2026-04-04,peak inc flu hosp,NA,NA,19,quantile,0.65,388.0
2026-04-04,peak inc flu hosp,NA,NA,19,quantile,0.7,389.0
2026-04-04,peak inc flu hosp,NA,NA,19,quantile,0.75,391.0
2026-04-04,peak inc flu hosp,NA,NA,19,quantile,0.8,394.0
2026-04-04,peak inc flu hosp,NA,NA,19,quantile,0.85,406.0
2026-04-04,peak inc flu hosp,NA,NA,19,quantile,0.9,463.0
2026-04-04,peak inc flu hosp,NA,NA,19,quantile,0.95,717.0
2026-04-04,peak inc flu hosp,NA,NA,19,quantile,0.975,1245.0
2026-04-04,peak inc flu hosp,NA,NA,19,quantile,0.99,3215.0
2026-04-04,peak inc flu hosp,NA,NA,20,quantile,0.01,352.0
2026-04-04,peak inc flu hosp,NA,NA,20,quantile,0.025,352.0
2026-04-04,peak inc flu hosp,NA,NA,20,quantile,0.05,352.0
2026-04-04,peak inc flu hosp,NA,NA,20,quantile,0.1,352.0
2026-04-04,peak inc flu hosp,NA,NA,20,quantile,0.15,352.0
2026-04-04,peak inc flu hosp,NA,NA,20,quantile,0.2,352.0
2026-04-04,peak inc flu hosp,NA,NA,20,quantile,0.25,352.0
2026-04-04,peak inc flu hosp,NA,NA,20,quantile,0.3,352.0
2026-04-04,peak inc flu hosp,NA,NA,20,quantile,0.35,352.0
2026-04-04,peak inc flu hosp,NA,NA,20,quantile,0.4,352.0
2026-04-04,peak inc flu hosp,NA,NA,20,quantile,0.45,352.0
2026-04-04,peak inc flu hosp,NA,NA,20,quantile,0.5,353.0
2026-04-04,peak inc flu hosp,NA,NA,20,quantile,0.55,354.0
2026-04-04,peak inc flu hosp,NA,NA,20,quantile,0.6,355.0
2026-04-04,peak inc flu hosp,NA,NA,20,quantile,0.65,357.0
2026-04-04,peak inc flu hosp,NA,NA,20,quantile,0.7,358.0
2026-04-04,peak inc flu hosp,NA,NA,20,quantile,0.75,359.0
2026-04-04,peak inc flu hosp,NA,NA,20,quantile,0.8,361.0
2026-04-04,peak inc flu hosp,NA,NA,20,quantile,0.85,368.0
2026-04-04,peak inc flu hosp,NA,NA,20,quantile,0.9,390.0
2026-04-04,peak inc flu hosp,NA,NA,20,quantile,0.95,528.0
2026-04-04,peak inc flu hosp,NA,NA,20,quantile,0.975,1121.0
2026-04-04,peak inc flu hosp,NA,NA,20,quantile,0.99,2963.0
2026-04-04,peak inc flu hosp,NA,NA,21,quantile,0.01,631.0
2026-04-04,peak inc flu hosp,NA,NA,21,quantile,0.025,631.0
2026-04-04,peak inc flu hosp,NA,NA,21,quantile,0.05,631.0
2026-04-04,peak inc flu hosp,NA,NA,21,quantile,0.1,631.0
2026-04-04,peak inc flu hosp,NA,NA,21,quantile,0.15,631.0
2026-04-04,peak inc flu hosp,NA,NA,21,quantile,0.2,631.0
2026-04-04,peak inc flu hosp,NA,NA,21,quantile,0.25,631.0
2026-04-04,peak inc flu hosp,NA,NA,21,quantile,0.3,631.0
2026-04-04,peak inc flu hosp,NA,NA,21,quantile,0.35,631.0
2026-04-04,peak inc flu hosp,NA,NA,21,quantile,0.4,631.0
2026-04-04,peak inc flu hosp,NA,NA,21,quantile,0.45,631.0
2026-04-04,peak inc flu hosp,NA,NA,21,quantile,0.5,632.0
2026-04-04,peak inc flu hosp,NA,NA,21,quantile,0.55,634.0
2026-04-04,peak inc flu hosp,NA,NA,21,quantile,0.6,636.0
2026-04-04,peak inc flu hosp,NA,NA,21,quantile,0.65,639.0
2026-04-04,peak inc flu hosp,NA,NA,21,quantile,0.7,642.0
2026-04-04,peak inc flu hosp,NA,NA,21,quantile,0.75,644.0
2026-04-04,peak inc flu hosp,NA,NA,21,quantile,0.8,646.0
2026-04-04,peak inc flu hosp,NA,NA,21,quantile,0.85,653.0
2026-04-04,peak inc flu hosp,NA,NA,21,quantile,0.9,683.0
2026-04-04,peak inc flu hosp,NA,NA,21,quantile,0.95,868.0
2026-04-04,peak inc flu hosp,NA,NA,21,quantile,0.975,1769.0
2026-04-04,peak inc flu hosp,NA,NA,21,quantile,0.99,5073.0
2026-04-04,peak inc flu hosp,NA,NA,22,quantile,0.01,688.0
2026-04-04,peak inc flu hosp,NA,NA,22,quantile,0.025,688.0
2026-04-04,peak inc flu hosp,NA,NA,22,quantile,0.05,688.0
2026-04-04,peak inc flu hosp,NA,NA,22,quantile,0.1,688.0
2026-04-04,peak inc flu hosp,NA,NA,22,quantile,0.15,688.0
2026-04-04,peak inc flu hosp,NA,NA,22,quantile,0.2,688.0
2026-04-04,peak inc flu hosp,NA,NA,22,quantile,0.25,688.0
2026-04-04,peak inc flu hosp,NA,NA,22,quantile,0.3,688.0
2026-04-04,peak inc flu hosp,NA,NA,22,quantile,0.35,688.0
2026-04-04,peak inc flu hosp,NA,NA,22,quantile,0.4,688.0
2026-04-04,peak inc flu hosp,NA,NA,22,quantile,0.45,688.0
2026-04-04,peak inc flu hosp,NA,NA,22,quantile,0.5,690.0
2026-04-04,peak inc flu hosp,NA,NA,22,quantile,0.55,692.0
2026-04-04,peak inc flu hosp,NA,NA,22,quantile,0.6,695.0
2026-04-04,peak inc flu hosp,NA,NA,22,quantile,0.65,698.0
2026-04-04,peak inc flu hosp,NA,NA,22,quantile,0.7,701.0
2026-04-04,peak inc flu hosp,NA,NA,22,quantile,0.75,703.0
2026-04-04,peak inc flu hosp,NA,NA,22,quantile,0.8,708.0
2026-04-04,peak inc flu hosp,NA,NA,22,quantile,0.85,727.0
2026-04-04,peak inc flu hosp,NA,NA,22,quantile,0.9,817.0
2026-04-04,peak inc flu hosp,NA,NA,22,quantile,0.95,1198.0
2026-04-04,peak inc flu hosp,NA,NA,22,quantile,0.975,2873.0
2026-04-04,peak inc flu hosp,NA,NA,22,quantile,0.99,5790.0
2026-04-04,peak inc flu hosp,NA,NA,23,quantile,0.01,255.0
2026-04-04,peak inc flu hosp,NA,NA,23,quantile,0.025,255.0
2026-04-04,peak inc flu hosp,NA,NA,23,quantile,0.05,255.0
2026-04-04,peak inc flu hosp,NA,NA,23,quantile,0.1,255.0
2026-04-04,peak inc flu hosp,NA,NA,23,quantile,0.15,255.0
2026-04-04,peak inc flu hosp,NA,NA,23,quantile,0.2,255.0
2026-04-04,peak inc flu hosp,NA,NA,23,quantile,0.25,255.0
2026-04-04,peak inc flu hosp,NA,NA,23,quantile,0.3,255.0
2026-04-04,peak inc flu hosp,NA,NA,23,quantile,0.35,255.0
2026-04-04,peak inc flu hosp,NA,NA,23,quantile,0.4,255.0
2026-04-04,peak inc flu hosp,NA,NA,23,quantile,0.45,255.0
2026-04-04,peak inc flu hosp,NA,NA,23,quantile,0.5,255.0
2026-04-04,peak inc flu hosp,NA,NA,23,quantile,0.55,256.0
2026-04-04,peak inc flu hosp,NA,NA,23,quantile,0.6,257.0
2026-04-04,peak inc flu hosp,NA,NA,23,quantile,0.65,258.0
2026-04-04,peak inc flu hosp,NA,NA,23,quantile,0.7,259.0
2026-04-04,peak inc flu hosp,NA,NA,23,quantile,0.75,260.0
2026-04-04,peak inc flu hosp,NA,NA,23,quantile,0.8,261.0
2026-04-04,peak inc flu hosp,NA,NA,23,quantile,0.85,264.0
2026-04-04,peak inc flu hosp,NA,NA,23,quantile,0.9,276.0
2026-04-04,peak inc flu hosp,NA,NA,23,quantile,0.95,351.0
2026-04-04,peak inc flu hosp,NA,NA,23,quantile,0.975,698.0
2026-04-04,peak inc flu hosp,NA,NA,23,quantile,0.99,1822.0
2026-04-04,peak inc flu hosp,NA,NA,24,quantile,0.01,803.0
2026-04-04,peak inc flu hosp,NA,NA,24,quantile,0.025,803.0
2026-04-04,peak inc flu hosp,NA,NA,24,quantile,0.05,803.0
2026-04-04,peak inc flu hosp,NA,NA,24,quantile,0.1,803.0
2026-04-04,peak inc flu hosp,NA,NA,24,quantile,0.15,803.0
2026-04-04,peak inc flu hosp,NA,NA,24,quantile,0.2,803.0
2026-04-04,peak inc flu hosp,NA,NA,24,quantile,0.25,803.0
2026-04-04,peak inc flu hosp,NA,NA,24,quantile,0.3,803.0
2026-04-04,peak inc flu hosp,NA,NA,24,quantile,0.35,803.0
2026-04-04,peak inc flu hosp,NA,NA,24,quantile,0.4,803.0
2026-04-04,peak inc flu hosp,NA,NA,24,quantile,0.45,803.0
2026-04-04,peak inc flu hosp,NA,NA,24,quantile,0.5,804.0
2026-04-04,peak inc flu hosp,NA,NA,24,quantile,0.55,807.0
2026-04-04,peak inc flu hosp,NA,NA,24,quantile,0.6,810.0
2026-04-04,peak inc flu hosp,NA,NA,24,quantile,0.65,813.0
2026-04-04,peak inc flu hosp,NA,NA,24,quantile,0.7,816.0
2026-04-04,peak inc flu hosp,NA,NA,24,quantile,0.75,819.0
2026-04-04,peak inc flu hosp,NA,NA,24,quantile,0.8,823.0
2026-04-04,peak inc flu hosp,NA,NA,24,quantile,0.85,831.0
2026-04-04,peak inc flu hosp,NA,NA,24,quantile,0.9,869.0
2026-04-04,peak inc flu hosp,NA,NA,24,quantile,0.95,1153.0
2026-04-04,peak inc flu hosp,NA,NA,24,quantile,0.975,2557.0
2026-04-04,peak inc flu hosp,NA,NA,24,quantile,0.99,6759.0
2026-04-04,peak inc flu hosp,NA,NA,25,quantile,0.01,1197.0
2026-04-04,peak inc flu hosp,NA,NA,25,quantile,0.025,1197.0
2026-04-04,peak inc flu hosp,NA,NA,25,quantile,0.05,1197.0
2026-04-04,peak inc flu hosp,NA,NA,25,quantile,0.1,1197.0
2026-04-04,peak inc flu hosp,NA,NA,25,quantile,0.15,1197.0
2026-04-04,peak inc flu hosp,NA,NA,25,quantile,0.2,1197.0
2026-04-04,peak inc flu hosp,NA,NA,25,quantile,0.25,1197.0
2026-04-04,peak inc flu hosp,NA,NA,25,quantile,0.3,1197.0
2026-04-04,peak inc flu hosp,NA,NA,25,quantile,0.35,1197.0
2026-04-04,peak inc flu hosp,NA,NA,25,quantile,0.4,1197.0
2026-04-04,peak inc flu hosp,NA,NA,25,quantile,0.45,1197.0
2026-04-04,peak inc flu hosp,NA,NA,25,quantile,0.5,1199.0
2026-04-04,peak inc flu hosp,NA,NA,25,quantile,0.55,1202.0
2026-04-04,peak inc flu hosp,NA,NA,25,quantile,0.6,1207.0
2026-04-04,peak inc flu hosp,NA,NA,25,quantile,0.65,1212.0
2026-04-04,peak inc flu hosp,NA,NA,25,quantile,0.7,1217.0
2026-04-04,peak inc flu hosp,NA,NA,25,quantile,0.75,1221.0
2026-04-04,peak inc flu hosp,NA,NA,25,quantile,0.8,1226.0
2026-04-04,peak inc flu hosp,NA,NA,25,quantile,0.85,1238.0
2026-04-04,peak inc flu hosp,NA,NA,25,quantile,0.9,1295.0
2026-04-04,peak inc flu hosp,NA,NA,25,quantile,0.95,1648.0
2026-04-04,peak inc flu hosp,NA,NA,25,quantile,0.975,3278.0
2026-04-04,peak inc flu hosp,NA,NA,25,quantile,0.99,8552.0
2026-04-04,peak inc flu hosp,NA,NA,26,quantile,0.01,1266.0
2026-04-04,peak inc flu hosp,NA,NA,26,quantile,0.025,1266.0
2026-04-04,peak inc flu hosp,NA,NA,26,quantile,0.05,1266.0
2026-04-04,peak inc flu hosp,NA,NA,26,quantile,0.1,1266.0
2026-04-04,peak inc flu hosp,NA,NA,26,quantile,0.15,1266.0
2026-04-04,peak inc flu hosp,NA,NA,26,quantile,0.2,1266.0
2026-04-04,peak inc flu hosp,NA,NA,26,quantile,0.25,1266.0
2026-04-04,peak inc flu hosp,NA,NA,26,quantile,0.3,1266.0
2026-04-04,peak inc flu hosp,NA,NA,26,quantile,0.35,1266.0
2026-04-04,peak inc flu hosp,NA,NA,26,quantile,0.4,1266.0
2026-04-04,peak inc flu hosp,NA,NA,26,quantile,0.45,1266.0
2026-04-04,peak inc flu hosp,NA,NA,26,quantile,0.5,1268.0
2026-04-04,peak inc flu hosp,NA,NA,26,quantile,0.55,1272.0
2026-04-04,peak inc flu hosp,NA,NA,26,quantile,0.6,1277.0
2026-04-04,peak inc flu hosp,NA,NA,26,quantile,0.65,1283.0
2026-04-04,peak inc flu hosp,NA,NA,26,quantile,0.7,1288.0
2026-04-04,peak inc flu hosp,NA,NA,26,quantile,0.75,1292.0
2026-04-04,peak inc flu hosp,NA,NA,26,quantile,0.8,1298.0
2026-04-04,peak inc flu hosp,NA,NA,26,quantile,0.85,1314.0
2026-04-04,peak inc flu hosp,NA,NA,26,quantile,0.9,1401.0
2026-04-04,peak inc flu hosp,NA,NA,26,quantile,0.95,2108.0
2026-04-04,peak inc flu hosp,NA,NA,26,quantile,0.975,5947.0
2026-04-04,peak inc flu hosp,NA,NA,26,quantile,0.99,10656.0
2026-04-04,peak inc flu hosp,NA,NA,27,quantile,0.01,1063.0
2026-04-04,peak inc flu hosp,NA,NA,27,quantile,0.025,1063.0
2026-04-04,peak inc flu hosp,NA,NA,27,quantile,0.05,1063.0
2026-04-04,peak inc flu hosp,NA,NA,27,quantile,0.1,1063.0
2026-04-04,peak inc flu hosp,NA,NA,27,quantile,0.15,1063.0
2026-04-04,peak inc flu hosp,NA,NA,27,quantile,0.2,1063.0
2026-04-04,peak inc flu hosp,NA,NA,27,quantile,0.25,1063.0
2026-04-04,peak inc flu hosp,NA,NA,27,quantile,0.3,1063.0
2026-04-04,peak inc flu hosp,NA,NA,27,quantile,0.35,1063.0
2026-04-04,peak inc flu hosp,NA,NA,27,quantile,0.4,1063.0
2026-04-04,peak inc flu hosp,NA,NA,27,quantile,0.45,1063.0
2026-04-04,peak inc flu hosp,NA,NA,27,quantile,0.5,1065.0
2026-04-04,peak inc flu hosp,NA,NA,27,quantile,0.55,1068.0
2026-04-04,peak inc flu hosp,NA,NA,27,quantile,0.6,1073.0
2026-04-04,peak inc flu hosp,NA,NA,27,quantile,0.65,1077.0
2026-04-04,peak inc flu hosp,NA,NA,27,quantile,0.7,1081.0
2026-04-04,peak inc flu hosp,NA,NA,27,quantile,0.75,1084.0
2026-04-04,peak inc flu hosp,NA,NA,27,quantile,0.8,1089.0
2026-04-04,peak inc flu hosp,NA,NA,27,quantile,0.85,1100.0
2026-04-04,peak inc flu hosp,NA,NA,27,quantile,0.9,1150.0
2026-04-04,peak inc flu hosp,NA,NA,27,quantile,0.95,1463.0
2026-04-04,peak inc flu hosp,NA,NA,27,quantile,0.975,2735.0
2026-04-04,peak inc flu hosp,NA,NA,27,quantile,0.99,7545.0
2026-04-04,peak inc flu hosp,NA,NA,28,quantile,0.01,247.0
2026-04-04,peak inc flu hosp,NA,NA,28,quantile,0.025,247.0
2026-04-04,peak inc flu hosp,NA,NA,28,quantile,0.05,247.0
2026-04-04,peak inc flu hosp,NA,NA,28,quantile,0.1,247.0
2026-04-04,peak inc flu hosp,NA,NA,28,quantile,0.15,247.0
2026-04-04,peak inc flu hosp,NA,NA,28,quantile,0.2,247.0
2026-04-04,peak inc flu hosp,NA,NA,28,quantile,0.25,247.0
2026-04-04,peak inc flu hosp,NA,NA,28,quantile,0.3,247.0
2026-04-04,peak inc flu hosp,NA,NA,28,quantile,0.35,247.0
2026-04-04,peak inc flu hosp,NA,NA,28,quantile,0.4,247.0
2026-04-04,peak inc flu hosp,NA,NA,28,quantile,0.45,248.0
2026-04-04,peak inc flu hosp,NA,NA,28,quantile,0.5,250.0
2026-04-04,peak inc flu hosp,NA,NA,28,quantile,0.55,251.0
2026-04-04,peak inc flu hosp,NA,NA,28,quantile,0.6,252.0
2026-04-04,peak inc flu hosp,NA,NA,28,quantile,0.65,253.0
2026-04-04,peak inc flu hosp,NA,NA,28,quantile,0.7,255.0
2026-04-04,peak inc flu hosp,NA,NA,28,quantile,0.75,263.0
2026-04-04,peak inc flu hosp,NA,NA,28,quantile,0.8,286.0
2026-04-04,peak inc flu hosp,NA,NA,28,quantile,0.85,313.0
2026-04-04,peak inc flu hosp,NA,NA,28,quantile,0.9,359.0
2026-04-04,peak inc flu hosp,NA,NA,28,quantile,0.95,559.0
2026-04-04,peak inc flu hosp,NA,NA,28,quantile,0.975,1242.0
2026-04-04,peak inc flu hosp,NA,NA,28,quantile,0.99,2117.0
2026-04-04,peak inc flu hosp,NA,NA,29,quantile,0.01,941.0
2026-04-04,peak inc flu hosp,NA,NA,29,quantile,0.025,941.0
2026-04-04,peak inc flu hosp,NA,NA,29,quantile,0.05,941.0
2026-04-04,peak inc flu hosp,NA,NA,29,quantile,0.1,941.0
2026-04-04,peak inc flu hosp,NA,NA,29,quantile,0.15,941.0
2026-04-04,peak inc flu hosp,NA,NA,29,quantile,0.2,941.0
2026-04-04,peak inc flu hosp,NA,NA,29,quantile,0.25,941.0
2026-04-04,peak inc flu hosp,NA,NA,29,quantile,0.3,941.0
2026-04-04,peak inc flu hosp,NA,NA,29,quantile,0.35,941.0
2026-04-04,peak inc flu hosp,NA,NA,29,quantile,0.4,941.0
2026-04-04,peak inc flu hosp,NA,NA,29,quantile,0.45,941.0
2026-04-04,peak inc flu hosp,NA,NA,29,quantile,0.5,943.0
2026-04-04,peak inc flu hosp,NA,NA,29,quantile,0.55,946.0
2026-04-04,peak inc flu hosp,NA,NA,29,quantile,0.6,949.0
2026-04-04,peak inc flu hosp,NA,NA,29,quantile,0.65,953.0
2026-04-04,peak inc flu hosp,NA,NA,29,quantile,0.7,957.0
2026-04-04,peak inc flu hosp,NA,NA,29,quantile,0.75,961.0
2026-04-04,peak inc flu hosp,NA,NA,29,quantile,0.8,966.0
2026-04-04,peak inc flu hosp,NA,NA,29,quantile,0.85,980.0
2026-04-04,peak inc flu hosp,NA,NA,29,quantile,0.9,1041.0
2026-04-04,peak inc flu hosp,NA,NA,29,quantile,0.95,1558.0
2026-04-04,peak inc flu hosp,NA,NA,29,quantile,0.975,2996.0
2026-04-04,peak inc flu hosp,NA,NA,29,quantile,0.99,7919.0
2026-04-04,peak inc flu hosp,NA,NA,30,quantile,0.01,151.0
2026-04-04,peak inc flu hosp,NA,NA,30,quantile,0.025,151.0
2026-04-04,peak inc flu hosp,NA,NA,30,quantile,0.05,151.0
2026-04-04,peak inc flu hosp,NA,NA,30,quantile,0.1,151.0
2026-04-04,peak inc flu hosp,NA,NA,30,quantile,0.15,151.0
2026-04-04,peak inc flu hosp,NA,NA,30,quantile,0.2,151.0
2026-04-04,peak inc flu hosp,NA,NA,30,quantile,0.25,151.0
2026-04-04,peak inc flu hosp,NA,NA,30,quantile,0.3,151.0
2026-04-04,peak inc flu hosp,NA,NA,30,quantile,0.35,151.0
2026-04-04,peak inc flu hosp,NA,NA,30,quantile,0.4,151.0
2026-04-04,peak inc flu hosp,NA,NA,30,quantile,0.45,151.0
2026-04-04,peak inc flu hosp,NA,NA,30,quantile,0.5,151.0
2026-04-04,peak inc flu hosp,NA,NA,30,quantile,0.55,152.0
2026-04-04,peak inc flu hosp,NA,NA,30,quantile,0.6,152.0
2026-04-04,peak inc flu hosp,NA,NA,30,quantile,0.65,153.0
2026-04-04,peak inc flu hosp,NA,NA,30,quantile,0.7,154.0
2026-04-04,peak inc flu hosp,NA,NA,30,quantile,0.75,154.0
2026-04-04,peak inc flu hosp,NA,NA,30,quantile,0.8,155.0
2026-04-04,peak inc flu hosp,NA,NA,30,quantile,0.85,158.0
2026-04-04,peak inc flu hosp,NA,NA,30,quantile,0.9,171.0
2026-04-04,peak inc flu hosp,NA,NA,30,quantile,0.95,257.0
2026-04-04,peak inc flu hosp,NA,NA,30,quantile,0.975,481.0
2026-04-04,peak inc flu hosp,NA,NA,30,quantile,0.99,1271.0
2026-04-04,peak inc flu hosp,NA,NA,31,quantile,0.01,204.0
2026-04-04,peak inc flu hosp,NA,NA,31,quantile,0.025,204.0
2026-04-04,peak inc flu hosp,NA,NA,31,quantile,0.05,204.0
2026-04-04,peak inc flu hosp,NA,NA,31,quantile,0.1,204.0
2026-04-04,peak inc flu hosp,NA,NA,31,quantile,0.15,204.0
2026-04-04,peak inc flu hosp,NA,NA,31,quantile,0.2,204.0
2026-04-04,peak inc flu hosp,NA,NA,31,quantile,0.25,204.0
2026-04-04,peak inc flu hosp,NA,NA,31,quantile,0.3,204.0
2026-04-04,peak inc flu hosp,NA,NA,31,quantile,0.35,204.0
2026-04-04,peak inc flu hosp,NA,NA,31,quantile,0.4,204.0
2026-04-04,peak inc flu hosp,NA,NA,31,quantile,0.45,204.0
2026-04-04,peak inc flu hosp,NA,NA,31,quantile,0.5,205.0
2026-04-04,peak inc flu hosp,NA,NA,31,quantile,0.55,205.0
2026-04-04,peak inc flu hosp,NA,NA,31,quantile,0.6,206.0
2026-04-04,peak inc flu hosp,NA,NA,31,quantile,0.65,207.0
2026-04-04,peak inc flu hosp,NA,NA,31,quantile,0.7,208.0
2026-04-04,peak inc flu hosp,NA,NA,31,quantile,0.75,209.0
2026-04-04,peak inc flu hosp,NA,NA,31,quantile,0.8,212.0
2026-04-04,peak inc flu hosp,NA,NA,31,quantile,0.85,218.0
2026-04-04,peak inc flu hosp,NA,NA,31,quantile,0.9,251.0
2026-04-04,peak inc flu hosp,NA,NA,31,quantile,0.95,335.0
2026-04-04,peak inc flu hosp,NA,NA,31,quantile,0.975,650.0
2026-04-04,peak inc flu hosp,NA,NA,31,quantile,0.99,1717.0
2026-04-04,peak inc flu hosp,NA,NA,32,quantile,0.01,273.0
2026-04-04,peak inc flu hosp,NA,NA,32,quantile,0.025,273.0
2026-04-04,peak inc flu hosp,NA,NA,32,quantile,0.05,273.0
2026-04-04,peak inc flu hosp,NA,NA,32,quantile,0.1,273.0
2026-04-04,peak inc flu hosp,NA,NA,32,quantile,0.15,273.0
2026-04-04,peak inc flu hosp,NA,NA,32,quantile,0.2,273.0
2026-04-04,peak inc flu hosp,NA,NA,32,quantile,0.25,273.0
2026-04-04,peak inc flu hosp,NA,NA,32,quantile,0.3,273.0
2026-04-04,peak inc flu hosp,NA,NA,32,quantile,0.35,273.0
2026-04-04,peak inc flu hosp,NA,NA,32,quantile,0.4,273.0
2026-04-04,peak inc flu hosp,NA,NA,32,quantile,0.45,273.0
2026-04-04,peak inc flu hosp,NA,NA,32,quantile,0.5,274.0
2026-04-04,peak inc flu hosp,NA,NA,32,quantile,0.55,274.0
2026-04-04,peak inc flu hosp,NA,NA,32,quantile,0.6,276.0
2026-04-04,peak inc flu hosp,NA,NA,32,quantile,0.65,277.0
2026-04-04,peak inc flu hosp,NA,NA,32,quantile,0.7,278.0
2026-04-04,peak inc flu hosp,NA,NA,32,quantile,0.75,279.0
2026-04-04,peak inc flu hosp,NA,NA,32,quantile,0.8,281.0
2026-04-04,peak inc flu hosp,NA,NA,32,quantile,0.85,286.0
2026-04-04,peak inc flu hosp,NA,NA,32,quantile,0.9,312.0
2026-04-04,peak inc flu hosp,NA,NA,32,quantile,0.95,403.0
2026-04-04,peak inc flu hosp,NA,NA,32,quantile,0.975,963.0
2026-04-04,peak inc flu hosp,NA,NA,32,quantile,0.99,2340.0
2026-04-04,peak inc flu hosp,NA,NA,33,quantile,0.01,290.0
2026-04-04,peak inc flu hosp,NA,NA,33,quantile,0.025,290.0
2026-04-04,peak inc flu hosp,NA,NA,33,quantile,0.05,290.0
2026-04-04,peak inc flu hosp,NA,NA,33,quantile,0.1,290.0
2026-04-04,peak inc flu hosp,NA,NA,33,quantile,0.15,290.0
2026-04-04,peak inc flu hosp,NA,NA,33,quantile,0.2,290.0
2026-04-04,peak inc flu hosp,NA,NA,33,quantile,0.25,290.0
2026-04-04,peak inc flu hosp,NA,NA,33,quantile,0.3,290.0
2026-04-04,peak inc flu hosp,NA,NA,33,quantile,0.35,290.0
2026-04-04,peak inc flu hosp,NA,NA,33,quantile,0.4,290.0
2026-04-04,peak inc flu hosp,NA,NA,33,quantile,0.45,290.0
2026-04-04,peak inc flu hosp,NA,NA,33,quantile,0.5,290.0
2026-04-04,peak inc flu hosp,NA,NA,33,quantile,0.55,291.0
2026-04-04,peak inc flu hosp,NA,NA,33,quantile,0.6,292.0
2026-04-04,peak inc flu hosp,NA,NA,33,quantile,0.65,294.0
2026-04-04,peak inc flu hosp,NA,NA,33,quantile,0.7,295.0
2026-04-04,peak inc flu hosp,NA,NA,33,quantile,0.75,296.0
2026-04-04,peak inc flu hosp,NA,NA,33,quantile,0.8,297.0
2026-04-04,peak inc flu hosp,NA,NA,33,quantile,0.85,300.0
2026-04-04,peak inc flu hosp,NA,NA,33,quantile,0.9,314.0
2026-04-04,peak inc flu hosp,NA,NA,33,quantile,0.95,399.0
2026-04-04,peak inc flu hosp,NA,NA,33,quantile,0.975,813.0
2026-04-04,peak inc flu hosp,NA,NA,33,quantile,0.99,2364.0
2026-04-04,peak inc flu hosp,NA,NA,34,quantile,0.01,1724.0
2026-04-04,peak inc flu hosp,NA,NA,34,quantile,0.025,1724.0
2026-04-04,peak inc flu hosp,NA,NA,34,quantile,0.05,1724.0
2026-04-04,peak inc flu hosp,NA,NA,34,quantile,0.1,1724.0
2026-04-04,peak inc flu hosp,NA,NA,34,quantile,0.15,1724.0
2026-04-04,peak inc flu hosp,NA,NA,34,quantile,0.2,1724.0
2026-04-04,peak inc flu hosp,NA,NA,34,quantile,0.25,1724.0
2026-04-04,peak inc flu hosp,NA,NA,34,quantile,0.3,1724.0
2026-04-04,peak inc flu hosp,NA,NA,34,quantile,0.35,1724.0
2026-04-04,peak inc flu hosp,NA,NA,34,quantile,0.4,1724.0
2026-04-04,peak inc flu hosp,NA,NA,34,quantile,0.45,1724.0
2026-04-04,peak inc flu hosp,NA,NA,34,quantile,0.5,1726.0
2026-04-04,peak inc flu hosp,NA,NA,34,quantile,0.55,1732.0
2026-04-04,peak inc flu hosp,NA,NA,34,quantile,0.6,1739.0
2026-04-04,peak inc flu hosp,NA,NA,34,quantile,0.65,1746.0
2026-04-04,peak inc flu hosp,NA,NA,34,quantile,0.7,1753.0
2026-04-04,peak inc flu hosp,NA,NA,34,quantile,0.75,1759.0
2026-04-04,peak inc flu hosp,NA,NA,34,quantile,0.8,1766.0
2026-04-04,peak inc flu hosp,NA,NA,34,quantile,0.85,1784.0
2026-04-04,peak inc flu hosp,NA,NA,34,quantile,0.9,1865.0
2026-04-04,peak inc flu hosp,NA,NA,34,quantile,0.95,2476.0
2026-04-04,peak inc flu hosp,NA,NA,34,quantile,0.975,5489.0
2026-04-04,peak inc flu hosp,NA,NA,34,quantile,0.99,14507.0
2026-04-04,peak inc flu hosp,NA,NA,35,quantile,0.01,409.0
2026-04-04,peak inc flu hosp,NA,NA,35,quantile,0.025,409.0
2026-04-04,peak inc flu hosp,NA,NA,35,quantile,0.05,409.0
2026-04-04,peak inc flu hosp,NA,NA,35,quantile,0.1,409.0
2026-04-04,peak inc flu hosp,NA,NA,35,quantile,0.15,409.0
2026-04-04,peak inc flu hosp,NA,NA,35,quantile,0.2,409.0
2026-04-04,peak inc flu hosp,NA,NA,35,quantile,0.25,409.0
2026-04-04,peak inc flu hosp,NA,NA,35,quantile,0.3,409.0
2026-04-04,peak inc flu hosp,NA,NA,35,quantile,0.35,409.0
2026-04-04,peak inc flu hosp,NA,NA,35,quantile,0.4,409.0
2026-04-04,peak inc flu hosp,NA,NA,35,quantile,0.45,409.0
2026-04-04,peak inc flu hosp,NA,NA,35,quantile,0.5,410.0
2026-04-04,peak inc flu hosp,NA,NA,35,quantile,0.55,411.0
2026-04-04,peak inc flu hosp,NA,NA,35,quantile,0.6,412.0
2026-04-04,peak inc flu hosp,NA,NA,35,quantile,0.65,414.0
2026-04-04,peak inc flu hosp,NA,NA,35,quantile,0.7,416.0
2026-04-04,peak inc flu hosp,NA,NA,35,quantile,0.75,417.0
2026-04-04,peak inc flu hosp,NA,NA,35,quantile,0.8,419.0
2026-04-04,peak inc flu hosp,NA,NA,35,quantile,0.85,423.0
2026-04-04,peak inc flu hosp,NA,NA,35,quantile,0.9,442.0
2026-04-04,peak inc flu hosp,NA,NA,35,quantile,0.95,563.0
2026-04-04,peak inc flu hosp,NA,NA,35,quantile,0.975,1120.0
2026-04-04,peak inc flu hosp,NA,NA,35,quantile,0.99,3274.0
2026-04-04,peak inc flu hosp,NA,NA,36,quantile,0.01,3866.0
2026-04-04,peak inc flu hosp,NA,NA,36,quantile,0.025,3866.0
2026-04-04,peak inc flu hosp,NA,NA,36,quantile,0.05,3866.0
2026-04-04,peak inc flu hosp,NA,NA,36,quantile,0.1,3866.0
2026-04-04,peak inc flu hosp,NA,NA,36,quantile,0.15,3866.0
2026-04-04,peak inc flu hosp,NA,NA,36,quantile,0.2,3866.0
2026-04-04,peak inc flu hosp,NA,NA,36,quantile,0.25,3866.0
2026-04-04,peak inc flu hosp,NA,NA,36,quantile,0.3,3866.0
2026-04-04,peak inc flu hosp,NA,NA,36,quantile,0.35,3866.0
2026-04-04,peak inc flu hosp,NA,NA,36,quantile,0.4,3866.0
2026-04-04,peak inc flu hosp,NA,NA,36,quantile,0.45,3866.0
2026-04-04,peak inc flu hosp,NA,NA,36,quantile,0.5,3872.0
2026-04-04,peak inc flu hosp,NA,NA,36,quantile,0.55,3885.0
2026-04-04,peak inc flu hosp,NA,NA,36,quantile,0.6,3901.0
2026-04-04,peak inc flu hosp,NA,NA,36,quantile,0.65,3917.0
2026-04-04,peak inc flu hosp,NA,NA,36,quantile,0.7,3932.0
2026-04-04,peak inc flu hosp,NA,NA,36,quantile,0.75,3945.0
2026-04-04,peak inc flu hosp,NA,NA,36,quantile,0.8,3963.0
2026-04-04,peak inc flu hosp,NA,NA,36,quantile,0.85,4014.0
2026-04-04,peak inc flu hosp,NA,NA,36,quantile,0.9,4278.0
2026-04-04,peak inc flu hosp,NA,NA,36,quantile,0.95,6041.0
2026-04-04,peak inc flu hosp,NA,NA,36,quantile,0.975,12309.0
2026-04-04,peak inc flu hosp,NA,NA,36,quantile,0.99,32531.0
2026-04-04,peak inc flu hosp,NA,NA,37,quantile,0.01,2461.0
2026-04-04,peak inc flu hosp,NA,NA,37,quantile,0.025,2461.0
2026-04-04,peak inc flu hosp,NA,NA,37,quantile,0.05,2461.0
2026-04-04,peak inc flu hosp,NA,NA,37,quantile,0.1,2461.0
2026-04-04,peak inc flu hosp,NA,NA,37,quantile,0.15,2461.0
2026-04-04,peak inc flu hosp,NA,NA,37,quantile,0.2,2461.0
2026-04-04,peak inc flu hosp,NA,NA,37,quantile,0.25,2461.0
2026-04-04,peak inc flu hosp,NA,NA,37,quantile,0.3,2461.0
2026-04-04,peak inc flu hosp,NA,NA,37,quantile,0.35,2461.0
2026-04-04,peak inc flu hosp,NA,NA,37,quantile,0.4,2461.0
2026-04-04,peak inc flu hosp,NA,NA,37,quantile,0.45,2461.0
2026-04-04,peak inc flu hosp,NA,NA,37,quantile,0.5,2464.0
2026-04-04,peak inc flu hosp,NA,NA,37,quantile,0.55,2472.0
2026-04-04,peak inc flu hosp,NA,NA,37,quantile,0.6,2481.0
2026-04-04,peak inc flu hosp,NA,NA,37,quantile,0.65,2492.0
2026-04-04,peak inc flu hosp,NA,NA,37,quantile,0.7,2502.0
2026-04-04,peak inc flu hosp,NA,NA,37,quantile,0.75,2510.0
2026-04-04,peak inc flu hosp,NA,NA,37,quantile,0.8,2521.0
2026-04-04,peak inc flu hosp,NA,NA,37,quantile,0.85,2546.0
2026-04-04,peak inc flu hosp,NA,NA,37,quantile,0.9,2662.0
2026-04-04,peak inc flu hosp,NA,NA,37,quantile,0.95,3386.0
2026-04-04,peak inc flu hosp,NA,NA,37,quantile,0.975,6332.0
2026-04-04,peak inc flu hosp,NA,NA,37,quantile,0.99,17218.0
2026-04-04,peak inc flu hosp,NA,NA,38,quantile,0.01,159.0
2026-04-04,peak inc flu hosp,NA,NA,38,quantile,0.025,159.0
2026-04-04,peak inc flu hosp,NA,NA,38,quantile,0.05,159.0
2026-04-04,peak inc flu hosp,NA,NA,38,quantile,0.1,159.0
2026-04-04,peak inc flu hosp,NA,NA,38,quantile,0.15,159.0
2026-04-04,peak inc flu hosp,NA,NA,38,quantile,0.2,159.0
2026-04-04,peak inc flu hosp,NA,NA,38,quantile,0.25,159.0
2026-04-04,peak inc flu hosp,NA,NA,38,quantile,0.3,159.0
2026-04-04,peak inc flu hosp,NA,NA,38,quantile,0.35,159.0
2026-04-04,peak inc flu hosp,NA,NA,38,quantile,0.4,159.0
2026-04-04,peak inc flu hosp,NA,NA,38,quantile,0.45,159.0
2026-04-04,peak inc flu hosp,NA,NA,38,quantile,0.5,159.0
2026-04-04,peak inc flu hosp,NA,NA,38,quantile,0.55,160.0
2026-04-04,peak inc flu hosp,NA,NA,38,quantile,0.6,160.0
2026-04-04,peak inc flu hosp,NA,NA,38,quantile,0.65,161.0
2026-04-04,peak inc flu hosp,NA,NA,38,quantile,0.7,162.0
2026-04-04,peak inc flu hosp,NA,NA,38,quantile,0.75,162.0
2026-04-04,peak inc flu hosp,NA,NA,38,quantile,0.8,163.0
2026-04-04,peak inc flu hosp,NA,NA,38,quantile,0.85,165.0
2026-04-04,peak inc flu hosp,NA,NA,38,quantile,0.9,174.0
2026-04-04,peak inc flu hosp,NA,NA,38,quantile,0.95,232.0
2026-04-04,peak inc flu hosp,NA,NA,38,quantile,0.975,587.0
2026-04-04,peak inc flu hosp,NA,NA,38,quantile,0.99,1338.0
2026-04-04,peak inc flu hosp,NA,NA,39,quantile,0.01,1958.0
2026-04-04,peak inc flu hosp,NA,NA,39,quantile,0.025,1958.0
2026-04-04,peak inc flu hosp,NA,NA,39,quantile,0.05,1958.0
2026-04-04,peak inc flu hosp,NA,NA,39,quantile,0.1,1958.0
2026-04-04,peak inc flu hosp,NA,NA,39,quantile,0.15,1958.0
2026-04-04,peak inc flu hosp,NA,NA,39,quantile,0.2,1958.0
2026-04-04,peak inc flu hosp,NA,NA,39,quantile,0.25,1958.0
2026-04-04,peak inc flu hosp,NA,NA,39,quantile,0.3,1958.0
2026-04-04,peak inc flu hosp,NA,NA,39,quantile,0.35,1958.0
2026-04-04,peak inc flu hosp,NA,NA,39,quantile,0.4,1958.0
2026-04-04,peak inc flu hosp,NA,NA,39,quantile,0.45,1958.0
2026-04-04,peak inc flu hosp,NA,NA,39,quantile,0.5,1961.0
2026-04-04,peak inc flu hosp,NA,NA,39,quantile,0.55,1967.0
2026-04-04,peak inc flu hosp,NA,NA,39,quantile,0.6,1975.0
2026-04-04,peak inc flu hosp,NA,NA,39,quantile,0.65,1983.0
2026-04-04,peak inc flu hosp,NA,NA,39,quantile,0.7,1991.0
2026-04-04,peak inc flu hosp,NA,NA,39,quantile,0.75,1997.0
2026-04-04,peak inc flu hosp,NA,NA,39,quantile,0.8,2006.0
2026-04-04,peak inc flu hosp,NA,NA,39,quantile,0.85,2026.0
2026-04-04,peak inc flu hosp,NA,NA,39,quantile,0.9,2118.0
2026-04-04,peak inc flu hosp,NA,NA,39,quantile,0.95,2812.0
2026-04-04,peak inc flu hosp,NA,NA,39,quantile,0.975,6234.0
2026-04-04,peak inc flu hosp,NA,NA,39,quantile,0.99,16477.0
2026-04-04,peak inc flu hosp,NA,NA,40,quantile,0.01,259.0
2026-04-04,peak inc flu hosp,NA,NA,40,quantile,0.025,282.0
2026-04-04,peak inc flu hosp,NA,NA,40,quantile,0.05,310.0
2026-04-04,peak inc flu hosp,NA,NA,40,quantile,0.1,310.0
2026-04-04,peak inc flu hosp,NA,NA,40,quantile,0.15,310.0
2026-04-04,peak inc flu hosp,NA,NA,40,quantile,0.2,310.0
2026-04-04,peak inc flu hosp,NA,NA,40,quantile,0.25,310.0
2026-04-04,peak inc flu hosp,NA,NA,40,quantile,0.3,310.0
2026-04-04,peak inc flu hosp,NA,NA,40,quantile,0.35,310.0
2026-04-04,peak inc flu hosp,NA,NA,40,quantile,0.4,310.0
2026-04-04,peak inc flu hosp,NA,NA,40,quantile,0.45,311.0
2026-04-04,peak inc flu hosp,NA,NA,40,quantile,0.5,312.0
2026-04-04,peak inc flu hosp,NA,NA,40,quantile,0.55,314.0
2026-04-04,peak inc flu hosp,NA,NA,40,quantile,0.6,315.0
2026-04-04,peak inc flu hosp,NA,NA,40,quantile,0.65,317.0
2026-04-04,peak inc flu hosp,NA,NA,40,quantile,0.7,320.0
2026-04-04,peak inc flu hosp,NA,NA,40,quantile,0.75,326.0
2026-04-04,peak inc flu hosp,NA,NA,40,quantile,0.8,341.0
2026-04-04,peak inc flu hosp,NA,NA,40,quantile,0.85,373.0
2026-04-04,peak inc flu hosp,NA,NA,40,quantile,0.9,418.0
2026-04-04,peak inc flu hosp,NA,NA,40,quantile,0.95,528.0
2026-04-04,peak inc flu hosp,NA,NA,40,quantile,0.975,1019.0
2026-04-04,peak inc flu hosp,NA,NA,40,quantile,0.99,2597.0
2026-04-04,peak inc flu hosp,NA,NA,41,quantile,0.01,543.0
2026-04-04,peak inc flu hosp,NA,NA,41,quantile,0.025,564.0
2026-04-04,peak inc flu hosp,NA,NA,41,quantile,0.05,573.0
2026-04-04,peak inc flu hosp,NA,NA,41,quantile,0.1,573.0
2026-04-04,peak inc flu hosp,NA,NA,41,quantile,0.15,573.0
2026-04-04,peak inc flu hosp,NA,NA,41,quantile,0.2,573.0
2026-04-04,peak inc flu hosp,NA,NA,41,quantile,0.25,573.0
2026-04-04,peak inc flu hosp,NA,NA,41,quantile,0.3,573.0
2026-04-04,peak inc flu hosp,NA,NA,41,quantile,0.35,573.0
2026-04-04,peak inc flu hosp,NA,NA,41,quantile,0.4,573.0
2026-04-04,peak inc flu hosp,NA,NA,41,quantile,0.45,574.0
2026-04-04,peak inc flu hosp,NA,NA,41,quantile,0.5,577.0
2026-04-04,peak inc flu hosp,NA,NA,41,quantile,0.55,579.0
2026-04-04,peak inc flu hosp,NA,NA,41,quantile,0.6,582.0
2026-04-04,peak inc flu hosp,NA,NA,41,quantile,0.65,584.0
2026-04-04,peak inc flu hosp,NA,NA,41,quantile,0.7,587.0
2026-04-04,peak inc flu hosp,NA,NA,41,quantile,0.75,593.0
2026-04-04,peak inc flu hosp,NA,NA,41,quantile,0.8,607.0
2026-04-04,peak inc flu hosp,NA,NA,41,quantile,0.85,664.0
2026-04-04,peak inc flu hosp,NA,NA,41,quantile,0.9,742.0
2026-04-04,peak inc flu hosp,NA,NA,41,quantile,0.95,941.0
2026-04-04,peak inc flu hosp,NA,NA,41,quantile,0.975,1825.0
2026-04-04,peak inc flu hosp,NA,NA,41,quantile,0.99,4750.0
2026-04-04,peak inc flu hosp,NA,NA,42,quantile,0.01,3322.0
2026-04-04,peak inc flu hosp,NA,NA,42,quantile,0.025,3322.0
2026-04-04,peak inc flu hosp,NA,NA,42,quantile,0.05,3322.0
2026-04-04,peak inc flu hosp,NA,NA,42,quantile,0.1,3322.0
2026-04-04,peak inc flu hosp,NA,NA,42,quantile,0.15,3322.0
2026-04-04,peak inc flu hosp,NA,NA,42,quantile,0.2,3322.0
2026-04-04,peak inc flu hosp,NA,NA,42,quantile,0.25,3322.0
2026-04-04,peak inc flu hosp,NA,NA,42,quantile,0.3,3322.0
2026-04-04,peak inc flu hosp,NA,NA,42,quantile,0.35,3322.0
2026-04-04,peak inc flu hosp,NA,NA,42,quantile,0.4,3322.0
2026-04-04,peak inc flu hosp,NA,NA,42,quantile,0.45,3322.0
2026-04-04,peak inc flu hosp,NA,NA,42,quantile,0.5,3328.0
2026-04-04,peak inc flu hosp,NA,NA,42,quantile,0.55,3338.0
2026-04-04,peak inc flu hosp,NA,NA,42,quantile,0.6,3352.0
2026-04-04,peak inc flu hosp,NA,NA,42,quantile,0.65,3366.0
2026-04-04,peak inc flu hosp,NA,NA,42,quantile,0.7,3378.0
2026-04-04,peak inc flu hosp,NA,NA,42,quantile,0.75,3390.0
2026-04-04,peak inc flu hosp,NA,NA,42,quantile,0.8,3406.0
2026-04-04,peak inc flu hosp,NA,NA,42,quantile,0.85,3449.0
2026-04-04,peak inc flu hosp,NA,NA,42,quantile,0.9,3676.0
2026-04-04,peak inc flu hosp,NA,NA,42,quantile,0.95,5650.0
2026-04-04,peak inc flu hosp,NA,NA,42,quantile,0.975,11904.0
2026-04-04,peak inc flu hosp,NA,NA,42,quantile,0.99,28449.0
2026-04-04,peak inc flu hosp,NA,NA,44,quantile,0.01,285.0
2026-04-04,peak inc flu hosp,NA,NA,44,quantile,0.025,285.0
2026-04-04,peak inc flu hosp,NA,NA,44,quantile,0.05,285.0
2026-04-04,peak inc flu hosp,NA,NA,44,quantile,0.1,285.0
2026-04-04,peak inc flu hosp,NA,NA,44,quantile,0.15,285.0
2026-04-04,peak inc flu hosp,NA,NA,44,quantile,0.2,285.0
2026-04-04,peak inc flu hosp,NA,NA,44,quantile,0.25,285.0
2026-04-04,peak inc flu hosp,NA,NA,44,quantile,0.3,285.0
2026-04-04,peak inc flu hosp,NA,NA,44,quantile,0.35,285.0
2026-04-04,peak inc flu hosp,NA,NA,44,quantile,0.4,285.0
2026-04-04,peak inc flu hosp,NA,NA,44,quantile,0.45,285.0
2026-04-04,peak inc flu hosp,NA,NA,44,quantile,0.5,285.0
2026-04-04,peak inc flu hosp,NA,NA,44,quantile,0.55,286.0
2026-04-04,peak inc flu hosp,NA,NA,44,quantile,0.6,287.0
2026-04-04,peak inc flu hosp,NA,NA,44,quantile,0.65,289.0
2026-04-04,peak inc flu hosp,NA,NA,44,quantile,0.7,290.0
2026-04-04,peak inc flu hosp,NA,NA,44,quantile,0.75,291.0
2026-04-04,peak inc flu hosp,NA,NA,44,quantile,0.8,292.0
2026-04-04,peak inc flu hosp,NA,NA,44,quantile,0.85,295.0
2026-04-04,peak inc flu hosp,NA,NA,44,quantile,0.9,308.0
2026-04-04,peak inc flu hosp,NA,NA,44,quantile,0.95,392.0
2026-04-04,peak inc flu hosp,NA,NA,44,quantile,0.975,780.0
2026-04-04,peak inc flu hosp,NA,NA,44,quantile,0.99,2281.0
2026-04-04,peak inc flu hosp,NA,NA,45,quantile,0.01,891.0
2026-04-04,peak inc flu hosp,NA,NA,45,quantile,0.025,891.0
2026-04-04,peak inc flu hosp,NA,NA,45,quantile,0.05,891.0
2026-04-04,peak inc flu hosp,NA,NA,45,quantile,0.1,891.0
2026-04-04,peak inc flu hosp,NA,NA,45,quantile,0.15,891.0
2026-04-04,peak inc flu hosp,NA,NA,45,quantile,0.2,891.0
2026-04-04,peak inc flu hosp,NA,NA,45,quantile,0.25,891.0
2026-04-04,peak inc flu hosp,NA,NA,45,quantile,0.3,891.0
2026-04-04,peak inc flu hosp,NA,NA,45,quantile,0.35,891.0
2026-04-04,peak inc flu hosp,NA,NA,45,quantile,0.4,891.0
2026-04-04,peak inc flu hosp,NA,NA,45,quantile,0.45,891.0
2026-04-04,peak inc flu hosp,NA,NA,45,quantile,0.5,892.0
2026-04-04,peak inc flu hosp,NA,NA,45,quantile,0.55,895.0
2026-04-04,peak inc flu hosp,NA,NA,45,quantile,0.6,898.0
2026-04-04,peak inc flu hosp,NA,NA,45,quantile,0.65,902.0
2026-04-04,peak inc flu hosp,NA,NA,45,quantile,0.7,906.0
2026-04-04,peak inc flu hosp,NA,NA,45,quantile,0.75,909.0
2026-04-04,peak inc flu hosp,NA,NA,45,quantile,0.8,913.0
2026-04-04,peak inc flu hosp,NA,NA,45,quantile,0.85,922.0
2026-04-04,peak inc flu hosp,NA,NA,45,quantile,0.9,964.0
2026-04-04,peak inc flu hosp,NA,NA,45,quantile,0.95,1226.0
2026-04-04,peak inc flu hosp,NA,NA,45,quantile,0.975,2440.0
2026-04-04,peak inc flu hosp,NA,NA,45,quantile,0.99,7132.0
2026-04-04,peak inc flu hosp,NA,NA,46,quantile,0.01,108.0
2026-04-04,peak inc flu hosp,NA,NA,46,quantile,0.025,108.0
2026-04-04,peak inc flu hosp,NA,NA,46,quantile,0.05,108.0
2026-04-04,peak inc flu hosp,NA,NA,46,quantile,0.1,108.0
2026-04-04,peak inc flu hosp,NA,NA,46,quantile,0.15,108.0
2026-04-04,peak inc flu hosp,NA,NA,46,quantile,0.2,108.0
2026-04-04,peak inc flu hosp,NA,NA,46,quantile,0.25,108.0
2026-04-04,peak inc flu hosp,NA,NA,46,quantile,0.3,108.0
2026-04-04,peak inc flu hosp,NA,NA,46,quantile,0.35,108.0
2026-04-04,peak inc flu hosp,NA,NA,46,quantile,0.4,108.0
2026-04-04,peak inc flu hosp,NA,NA,46,quantile,0.45,108.0
2026-04-04,peak inc flu hosp,NA,NA,46,quantile,0.5,108.0
2026-04-04,peak inc flu hosp,NA,NA,46,quantile,0.55,108.0
2026-04-04,peak inc flu hosp,NA,NA,46,quantile,0.6,109.0
2026-04-04,peak inc flu hosp,NA,NA,46,quantile,0.65,109.0
2026-04-04,peak inc flu hosp,NA,NA,46,quantile,0.7,110.0
2026-04-04,peak inc flu hosp,NA,NA,46,quantile,0.75,110.0
2026-04-04,peak inc flu hosp,NA,NA,46,quantile,0.8,111.0
2026-04-04,peak inc flu hosp,NA,NA,46,quantile,0.85,112.0
2026-04-04,peak inc flu hosp,NA,NA,46,quantile,0.9,117.0
2026-04-04,peak inc flu hosp,NA,NA,46,quantile,0.95,152.0
2026-04-04,peak inc flu hosp,NA,NA,46,quantile,0.975,304.0
2026-04-04,peak inc flu hosp,NA,NA,46,quantile,0.99,881.0
2026-04-04,peak inc flu hosp,NA,NA,47,quantile,0.01,863.0
2026-04-04,peak inc flu hosp,NA,NA,47,quantile,0.025,863.0
2026-04-04,peak inc flu hosp,NA,NA,47,quantile,0.05,863.0
2026-04-04,peak inc flu hosp,NA,NA,47,quantile,0.1,863.0
2026-04-04,peak inc flu hosp,NA,NA,47,quantile,0.15,863.0
2026-04-04,peak inc flu hosp,NA,NA,47,quantile,0.2,863.0
2026-04-04,peak inc flu hosp,NA,NA,47,quantile,0.25,863.0
2026-04-04,peak inc flu hosp,NA,NA,47,quantile,0.3,863.0
2026-04-04,peak inc flu hosp,NA,NA,47,quantile,0.35,863.0
2026-04-04,peak inc flu hosp,NA,NA,47,quantile,0.4,863.0
2026-04-04,peak inc flu hosp,NA,NA,47,quantile,0.45,863.0
2026-04-04,peak inc flu hosp,NA,NA,47,quantile,0.5,864.0
2026-04-04,peak inc flu hosp,NA,NA,47,quantile,0.55,867.0
2026-04-04,peak inc flu hosp,NA,NA,47,quantile,0.6,870.0
2026-04-04,peak inc flu hosp,NA,NA,47,quantile,0.65,874.0
2026-04-04,peak inc flu hosp,NA,NA,47,quantile,0.7,877.0
2026-04-04,peak inc flu hosp,NA,NA,47,quantile,0.75,880.0
2026-04-04,peak inc flu hosp,NA,NA,47,quantile,0.8,884.0
2026-04-04,peak inc flu hosp,NA,NA,47,quantile,0.85,893.0
2026-04-04,peak inc flu hosp,NA,NA,47,quantile,0.9,933.0
2026-04-04,peak inc flu hosp,NA,NA,47,quantile,0.95,1254.0
2026-04-04,peak inc flu hosp,NA,NA,47,quantile,0.975,2822.0
2026-04-04,peak inc flu hosp,NA,NA,47,quantile,0.99,7264.0
2026-04-04,peak inc flu hosp,NA,NA,48,quantile,0.01,2834.0
2026-04-04,peak inc flu hosp,NA,NA,48,quantile,0.025,2834.0
2026-04-04,peak inc flu hosp,NA,NA,48,quantile,0.05,2834.0
2026-04-04,peak inc flu hosp,NA,NA,48,quantile,0.1,2834.0
2026-04-04,peak inc flu hosp,NA,NA,48,quantile,0.15,2834.0
2026-04-04,peak inc flu hosp,NA,NA,48,quantile,0.2,2834.0
2026-04-04,peak inc flu hosp,NA,NA,48,quantile,0.25,2834.0
2026-04-04,peak inc flu hosp,NA,NA,48,quantile,0.3,2834.0
2026-04-04,peak inc flu hosp,NA,NA,48,quantile,0.35,2834.0
2026-04-04,peak inc flu hosp,NA,NA,48,quantile,0.4,2834.0
2026-04-04,peak inc flu hosp,NA,NA,48,quantile,0.45,2834.0
2026-04-04,peak inc flu hosp,NA,NA,48,quantile,0.5,2839.0
2026-04-04,peak inc flu hosp,NA,NA,48,quantile,0.55,2848.0
2026-04-04,peak inc flu hosp,NA,NA,48,quantile,0.6,2859.0
2026-04-04,peak inc flu hosp,NA,NA,48,quantile,0.65,2871.0
2026-04-04,peak inc flu hosp,NA,NA,48,quantile,0.7,2882.0
2026-04-04,peak inc flu hosp,NA,NA,48,quantile,0.75,2892.0
2026-04-04,peak inc flu hosp,NA,NA,48,quantile,0.8,2905.0
2026-04-04,peak inc flu hosp,NA,NA,48,quantile,0.85,2942.0
2026-04-04,peak inc flu hosp,NA,NA,48,quantile,0.9,3136.0
2026-04-04,peak inc flu hosp,NA,NA,48,quantile,0.95,4709.0
2026-04-04,peak inc flu hosp,NA,NA,48,quantile,0.975,13765.0
2026-04-04,peak inc flu hosp,NA,NA,48,quantile,0.99,23859.0
2026-04-04,peak inc flu hosp,NA,NA,49,quantile,0.01,262.0
2026-04-04,peak inc flu hosp,NA,NA,49,quantile,0.025,262.0
2026-04-04,peak inc flu hosp,NA,NA,49,quantile,0.05,262.0
2026-04-04,peak inc flu hosp,NA,NA,49,quantile,0.1,262.0
2026-04-04,peak inc flu hosp,NA,NA,49,quantile,0.15,262.0
2026-04-04,peak inc flu hosp,NA,NA,49,quantile,0.2,262.0
2026-04-04,peak inc flu hosp,NA,NA,49,quantile,0.25,262.0
2026-04-04,peak inc flu hosp,NA,NA,49,quantile,0.3,262.0
2026-04-04,peak inc flu hosp,NA,NA,49,quantile,0.35,262.0
2026-04-04,peak inc flu hosp,NA,NA,49,quantile,0.4,262.0
2026-04-04,peak inc flu hosp,NA,NA,49,quantile,0.45,262.0
2026-04-04,peak inc flu hosp,NA,NA,49,quantile,0.5,263.0
2026-04-04,peak inc flu hosp,NA,NA,49,quantile,0.55,263.0
2026-04-04,peak inc flu hosp,NA,NA,49,quantile,0.6,264.0
2026-04-04,peak inc flu hosp,NA,NA,49,quantile,0.65,266.0
2026-04-04,peak inc flu hosp,NA,NA,49,quantile,0.7,267.0
2026-04-04,peak inc flu hosp,NA,NA,49,quantile,0.75,267.0
2026-04-04,peak inc flu hosp,NA,NA,49,quantile,0.8,269.0
2026-04-04,peak inc flu hosp,NA,NA,49,quantile,0.85,273.0
2026-04-04,peak inc flu hosp,NA,NA,49,quantile,0.9,290.0
2026-04-04,peak inc flu hosp,NA,NA,49,quantile,0.95,386.0
2026-04-04,peak inc flu hosp,NA,NA,49,quantile,0.975,924.0
2026-04-04,peak inc flu hosp,NA,NA,49,quantile,0.99,2206.0
2026-04-04,peak inc flu hosp,NA,NA,50,quantile,0.01,58.0
2026-04-04,peak inc flu hosp,NA,NA,50,quantile,0.025,58.0
2026-04-04,peak inc flu hosp,NA,NA,50,quantile,0.05,58.0
2026-04-04,peak inc flu hosp,NA,NA,50,quantile,0.1,58.0
2026-04-04,peak inc flu hosp,NA,NA,50,quantile,0.15,58.0
2026-04-04,peak inc flu hosp,NA,NA,50,quantile,0.2,58.0
2026-04-04,peak inc flu hosp,NA,NA,50,quantile,0.25,58.0
2026-04-04,peak inc flu hosp,NA,NA,50,quantile,0.3,58.0
2026-04-04,peak inc flu hosp,NA,NA,50,quantile,0.35,58.0
2026-04-04,peak inc flu hosp,NA,NA,50,quantile,0.4,58.0
2026-04-04,peak inc flu hosp,NA,NA,50,quantile,0.45,58.0
2026-04-04,peak inc flu hosp,NA,NA,50,quantile,0.5,58.0
2026-04-04,peak inc flu hosp,NA,NA,50,quantile,0.55,58.0
2026-04-04,peak inc flu hosp,NA,NA,50,quantile,0.6,58.0
2026-04-04,peak inc flu hosp,NA,NA,50,quantile,0.65,59.0
2026-04-04,peak inc flu hosp,NA,NA,50,quantile,0.7,59.0
2026-04-04,peak inc flu hosp,NA,NA,50,quantile,0.75,59.0
2026-04-04,peak inc flu hosp,NA,NA,50,quantile,0.8,59.0
2026-04-04,peak inc flu hosp,NA,NA,50,quantile,0.85,60.0
2026-04-04,peak inc flu hosp,NA,NA,50,quantile,0.9,63.0
2026-04-04,peak inc flu hosp,NA,NA,50,quantile,0.95,80.0
2026-04-04,peak inc flu hosp,NA,NA,50,quantile,0.975,163.0
2026-04-04,peak inc flu hosp,NA,NA,50,quantile,0.99,466.0
2026-04-04,peak inc flu hosp,NA,NA,51,quantile,0.01,1141.0
2026-04-04,peak inc flu hosp,NA,NA,51,quantile,0.025,1141.0
2026-04-04,peak inc flu hosp,NA,NA,51,quantile,0.05,1141.0
2026-04-04,peak inc flu hosp,NA,NA,51,quantile,0.1,1141.0
2026-04-04,peak inc flu hosp,NA,NA,51,quantile,0.15,1141.0
2026-04-04,peak inc flu hosp,NA,NA,51,quantile,0.2,1141.0
2026-04-04,peak inc flu hosp,NA,NA,51,quantile,0.25,1141.0
2026-04-04,peak inc flu hosp,NA,NA,51,quantile,0.3,1141.0
2026-04-04,peak inc flu hosp,NA,NA,51,quantile,0.35,1141.0
2026-04-04,peak inc flu hosp,NA,NA,51,quantile,0.4,1141.0
2026-04-04,peak inc flu hosp,NA,NA,51,quantile,0.45,1141.0
2026-04-04,peak inc flu hosp,NA,NA,51,quantile,0.5,1142.0
2026-04-04,peak inc flu hosp,NA,NA,51,quantile,0.55,1146.0
2026-04-04,peak inc flu hosp,NA,NA,51,quantile,0.6,1150.0
2026-04-04,peak inc flu hosp,NA,NA,51,quantile,0.65,1156.0
2026-04-04,peak inc flu hosp,NA,NA,51,quantile,0.7,1160.0
2026-04-04,peak inc flu hosp,NA,NA,51,quantile,0.75,1164.0
2026-04-04,peak inc flu hosp,NA,NA,51,quantile,0.8,1169.0
2026-04-04,peak inc flu hosp,NA,NA,51,quantile,0.85,1180.0
2026-04-04,peak inc flu hosp,NA,NA,51,quantile,0.9,1234.0
2026-04-04,peak inc flu hosp,NA,NA,51,quantile,0.95,1570.0
2026-04-04,peak inc flu hosp,NA,NA,51,quantile,0.975,3002.0
2026-04-04,peak inc flu hosp,NA,NA,51,quantile,0.99,8092.0
2026-04-04,peak inc flu hosp,NA,NA,53,quantile,0.01,323.0
2026-04-04,peak inc flu hosp,NA,NA,53,quantile,0.025,326.0
2026-04-04,peak inc flu hosp,NA,NA,53,quantile,0.05,331.0
2026-04-04,peak inc flu hosp,NA,NA,53,quantile,0.1,334.0
2026-04-04,peak inc flu hosp,NA,NA,53,quantile,0.15,334.0
2026-04-04,peak inc flu hosp,NA,NA,53,quantile,0.2,334.0
2026-04-04,peak inc flu hosp,NA,NA,53,quantile,0.25,334.0
2026-04-04,peak inc flu hosp,NA,NA,53,quantile,0.3,334.0
2026-04-04,peak inc flu hosp,NA,NA,53,quantile,0.35,334.0
2026-04-04,peak inc flu hosp,NA,NA,53,quantile,0.4,335.0
2026-04-04,peak inc flu hosp,NA,NA,53,quantile,0.45,337.0
2026-04-04,peak inc flu hosp,NA,NA,53,quantile,0.5,339.0
2026-04-04,peak inc flu hosp,NA,NA,53,quantile,0.55,340.0
2026-04-04,peak inc flu hosp,NA,NA,53,quantile,0.6,342.0
2026-04-04,peak inc flu hosp,NA,NA,53,quantile,0.65,344.0
2026-04-04,peak inc flu hosp,NA,NA,53,quantile,0.7,348.0
2026-04-04,peak inc flu hosp,NA,NA,53,quantile,0.75,353.0
2026-04-04,peak inc flu hosp,NA,NA,53,quantile,0.8,361.0
2026-04-04,peak inc flu hosp,NA,NA,53,quantile,0.85,376.0
2026-04-04,peak inc flu hosp,NA,NA,53,quantile,0.9,414.0
2026-04-04,peak inc flu hosp,NA,NA,53,quantile,0.95,640.0
2026-04-04,peak inc flu hosp,NA,NA,53,quantile,0.975,1573.0
2026-04-04,peak inc flu hosp,NA,NA,53,quantile,0.99,2865.0
2026-04-04,peak inc flu hosp,NA,NA,54,quantile,0.01,229.0
2026-04-04,peak inc flu hosp,NA,NA,54,quantile,0.025,229.0
2026-04-04,peak inc flu hosp,NA,NA,54,quantile,0.05,229.0
2026-04-04,peak inc flu hosp,NA,NA,54,quantile,0.1,229.0
2026-04-04,peak inc flu hosp,NA,NA,54,quantile,0.15,229.0
2026-04-04,peak inc flu hosp,NA,NA,54,quantile,0.2,229.0
2026-04-04,peak inc flu hosp,NA,NA,54,quantile,0.25,229.0
2026-04-04,peak inc flu hosp,NA,NA,54,quantile,0.3,229.0
2026-04-04,peak inc flu hosp,NA,NA,54,quantile,0.35,229.0
2026-04-04,peak inc flu hosp,NA,NA,54,quantile,0.4,229.0
2026-04-04,peak inc flu hosp,NA,NA,54,quantile,0.45,229.0
2026-04-04,peak inc flu hosp,NA,NA,54,quantile,0.5,230.0
2026-04-04,peak inc flu hosp,NA,NA,54,quantile,0.55,231.0
2026-04-04,peak inc flu hosp,NA,NA,54,quantile,0.6,232.0
2026-04-04,peak inc flu hosp,NA,NA,54,quantile,0.65,233.0
2026-04-04,peak inc flu hosp,NA,NA,54,quantile,0.7,234.0
2026-04-04,peak inc flu hosp,NA,NA,54,quantile,0.75,234.0
2026-04-04,peak inc flu hosp,NA,NA,54,quantile,0.8,237.0
2026-04-04,peak inc flu hosp,NA,NA,54,quantile,0.85,248.0
2026-04-04,peak inc flu hosp,NA,NA,54,quantile,0.9,304.0
2026-04-04,peak inc flu hosp,NA,NA,54,quantile,0.95,495.0
2026-04-04,peak inc flu hosp,NA,NA,54,quantile,0.975,878.0
2026-04-04,peak inc flu hosp,NA,NA,54,quantile,0.99,1927.0
2026-04-04,peak inc flu hosp,NA,NA,55,quantile,0.01,1060.0
2026-04-04,peak inc flu hosp,NA,NA,55,quantile,0.025,1060.0
2026-04-04,peak inc flu hosp,NA,NA,55,quantile,0.05,1060.0
2026-04-04,peak inc flu hosp,NA,NA,55,quantile,0.1,1060.0
2026-04-04,peak inc flu hosp,NA,NA,55,quantile,0.15,1060.0
2026-04-04,peak inc flu hosp,NA,NA,55,quantile,0.2,1060.0
2026-04-04,peak inc flu hosp,NA,NA,55,quantile,0.25,1060.0
2026-04-04,peak inc flu hosp,NA,NA,55,quantile,0.3,1060.0
2026-04-04,peak inc flu hosp,NA,NA,55,quantile,0.35,1060.0
2026-04-04,peak inc flu hosp,NA,NA,55,quantile,0.4,1060.0
2026-04-04,peak inc flu hosp,NA,NA,55,quantile,0.45,1060.0
2026-04-04,peak inc flu hosp,NA,NA,55,quantile,0.5,1061.0
2026-04-04,peak inc flu hosp,NA,NA,55,quantile,0.55,1065.0
2026-04-04,peak inc flu hosp,NA,NA,55,quantile,0.6,1069.0
2026-04-04,peak inc flu hosp,NA,NA,55,quantile,0.65,1074.0
2026-04-04,peak inc flu hosp,NA,NA,55,quantile,0.7,1078.0
2026-04-04,peak inc flu hosp,NA,NA,55,quantile,0.75,1081.0
2026-04-04,peak inc flu hosp,NA,NA,55,quantile,0.8,1086.0
2026-04-04,peak inc flu hosp,NA,NA,55,quantile,0.85,1097.0
2026-04-04,peak inc flu hosp,NA,NA,55,quantile,0.9,1147.0
2026-04-04,peak inc flu hosp,NA,NA,55,quantile,0.95,1459.0
2026-04-04,peak inc flu hosp,NA,NA,55,quantile,0.975,2788.0
2026-04-04,peak inc flu hosp,NA,NA,55,quantile,0.99,7526.0
2026-04-04,peak inc flu hosp,NA,NA,56,quantile,0.01,58.0
2026-04-04,peak inc flu hosp,NA,NA,56,quantile,0.025,58.0
2026-04-04,peak inc flu hosp,NA,NA,56,quantile,0.05,58.0
2026-04-04,peak inc flu hosp,NA,NA,56,quantile,0.1,58.0
2026-04-04,peak inc flu hosp,NA,NA,56,quantile,0.15,58.0
2026-04-04,peak inc flu hosp,NA,NA,56,quantile,0.2,58.0
2026-04-04,peak inc flu hosp,NA,NA,56,quantile,0.25,58.0
2026-04-04,peak inc flu hosp,NA,NA,56,quantile,0.3,58.0
2026-04-04,peak inc flu hosp,NA,NA,56,quantile,0.35,58.0
2026-04-04,peak inc flu hosp,NA,NA,56,quantile,0.4,58.0
2026-04-04,peak inc flu hosp,NA,NA,56,quantile,0.45,58.0
2026-04-04,peak inc flu hosp,NA,NA,56,quantile,0.5,58.0
2026-04-04,peak inc flu hosp,NA,NA,56,quantile,0.55,58.0
2026-04-04,peak inc flu hosp,NA,NA,56,quantile,0.6,59.0
2026-04-04,peak inc flu hosp,NA,NA,56,quantile,0.65,59.0
2026-04-04,peak inc flu hosp,NA,NA,56,quantile,0.7,59.0
2026-04-04,peak inc flu hosp,NA,NA,56,quantile,0.75,59.0
2026-04-04,peak inc flu hosp,NA,NA,56,quantile,0.8,60.0
2026-04-04,peak inc flu hosp,NA,NA,56,quantile,0.85,60.0
2026-04-04,peak inc flu hosp,NA,NA,56,quantile,0.9,66.0
2026-04-04,peak inc flu hosp,NA,NA,56,quantile,0.95,96.0
2026-04-04,peak inc flu hosp,NA,NA,56,quantile,0.975,214.0
2026-04-04,peak inc flu hosp,NA,NA,56,quantile,0.99,488.0
2026-04-04,peak inc flu hosp,NA,NA,72,quantile,0.01,383.0
2026-04-04,peak inc flu hosp,NA,NA,72,quantile,0.025,383.0
2026-04-04,peak inc flu hosp,NA,NA,72,quantile,0.05,383.0
2026-04-04,peak inc flu hosp,NA,NA,72,quantile,0.1,383.0
2026-04-04,peak inc flu hosp,NA,NA,72,quantile,0.15,383.0
2026-04-04,peak inc flu hosp,NA,NA,72,quantile,0.2,383.0
2026-04-04,peak inc flu hosp,NA,NA,72,quantile,0.25,383.0
2026-04-04,peak inc flu hosp,NA,NA,72,quantile,0.3,383.0
2026-04-04,peak inc flu hosp,NA,NA,72,quantile,0.35,383.0
2026-04-04,peak inc flu hosp,NA,NA,72,quantile,0.4,383.0
2026-04-04,peak inc flu hosp,NA,NA,72,quantile,0.45,383.0
2026-04-04,peak inc flu hosp,NA,NA,72,quantile,0.5,384.0
2026-04-04,peak inc flu hosp,NA,NA,72,quantile,0.55,385.0
2026-04-04,peak inc flu hosp,NA,NA,72,quantile,0.6,387.0
2026-04-04,peak inc flu hosp,NA,NA,72,quantile,0.65,388.0
2026-04-04,peak inc flu hosp,NA,NA,72,quantile,0.7,390.0
2026-04-04,peak inc flu hosp,NA,NA,72,quantile,0.75,391.0
2026-04-04,peak inc flu hosp,NA,NA,72,quantile,0.8,394.0
2026-04-04,peak inc flu hosp,NA,NA,72,quantile,0.85,402.0
2026-04-04,peak inc flu hosp,NA,NA,72,quantile,0.9,444.0
2026-04-04,peak inc flu hosp,NA,NA,72,quantile,0.95,763.0
2026-04-04,peak inc flu hosp,NA,NA,72,quantile,0.975,2138.0
2026-04-04,peak inc flu hosp,NA,NA,72,quantile,0.99,3281.0
2026-04-04,peak inc flu hosp,NA,NA,US,quantile,0.01,42450.0
2026-04-04,peak inc flu hosp,NA,NA,US,quantile,0.025,42450.0
2026-04-04,peak inc flu hosp,NA,NA,US,quantile,0.05,42450.0
2026-04-04,peak inc flu hosp,NA,NA,US,quantile,0.1,42450.0
2026-04-04,peak inc flu hosp,NA,NA,US,quantile,0.15,42450.0
2026-04-04,peak inc flu hosp,NA,NA,US,quantile,0.2,42450.0
2026-04-04,peak inc flu hosp,NA,NA,US,quantile,0.25,42450.0
2026-04-04,peak inc flu hosp,NA,NA,US,quantile,0.3,42450.0
2026-04-04,peak inc flu hosp,NA,NA,US,quantile,0.35,42450.0
2026-04-04,peak inc flu hosp,NA,NA,US,quantile,0.4,42450.0
2026-04-04,peak inc flu hosp,NA,NA,US,quantile,0.45,42453.0
2026-04-04,peak inc flu hosp,NA,NA,US,quantile,0.5,42521.0
2026-04-04,peak inc flu hosp,NA,NA,US,quantile,0.55,42657.0
2026-04-04,peak inc flu hosp,NA,NA,US,quantile,0.6,42830.0
2026-04-04,peak inc flu hosp,NA,NA,US,quantile,0.65,43009.0
2026-04-04,peak inc flu hosp,NA,NA,US,quantile,0.7,43172.0
2026-04-04,peak inc flu hosp,NA,NA,US,quantile,0.75,43317.0
2026-04-04,peak inc flu hosp,NA,NA,US,quantile,0.8,43519.0
2026-04-04,peak inc flu hosp,NA,NA,US,quantile,0.85,44071.0
2026-04-04,peak inc flu hosp,NA,NA,US,quantile,0.9,46975.0
2026-04-04,peak inc flu hosp,NA,NA,US,quantile,0.95,70521.0
2026-04-04,peak inc flu hosp,NA,NA,US,quantile,0.975,201622.0
2026-04-04,peak inc flu hosp,NA,NA,US,quantile,0.99,357292.0
2026-04-04,peak week inc flu hosp,NA,NA,01,pmf,2025-10-04,9.975046116638664e-05
2026-04-04,peak week inc flu hosp,NA,NA,01,pmf,2025-10-11,9.975046116638664e-05
2026-04-04,peak week inc flu hosp,NA,NA,01,pmf,2025-10-18,9.975046116638664e-05
2026-04-04,peak week inc flu hosp,NA,NA,01,pmf,2025-10-25,9.975046116638664e-05
2026-04-04,peak week inc flu hosp,NA,NA,01,pmf,2025-11-01,9.975046116638664e-05
2026-04-04,peak week inc flu hosp,NA,NA,01,pmf,2025-11-08,9.975046116638664e-05
2026-04-04,peak week inc flu hosp,NA,NA,01,pmf,2025-11-15,9.975046116638664e-05
2026-04-04,peak week inc flu hosp,NA,NA,01,pmf,2025-11-22,9.975046116638664e-05
2026-04-04,peak week inc flu hosp,NA,NA,01,pmf,2025-11-29,9.975046116638664e-05
2026-04-04,peak week inc flu hosp,NA,NA,01,pmf,2025-12-06,9.975046116638664e-05
2026-04-04,peak week inc flu hosp,NA,NA,01,pmf,2025-12-13,9.975046116638664e-05
2026-04-04,peak week inc flu hosp,NA,NA,01,pmf,2025-12-20,9.975046116638664e-05
2026-04-04,peak week inc flu hosp,NA,NA,01,pmf,2025-12-27,9.975046116638664e-05
2026-04-04,peak week inc flu hosp,NA,NA,01,pmf,2026-01-03,0.9375222200700781
2026-04-04,peak week inc flu hosp,NA,NA,01,pmf,2026-01-10,9.975046116638664e-05
2026-04-04,peak week inc flu hosp,NA,NA,01,pmf,2026-01-17,9.975046116638664e-05
2026-04-04,peak week inc flu hosp,NA,NA,01,pmf,2026-01-24,9.975046116638664e-05
2026-04-04,peak week inc flu hosp,NA,NA,01,pmf,2026-01-31,9.975046116638664e-05
2026-04-04,peak week inc flu hosp,NA,NA,01,pmf,2026-02-07,0.009973216801438365
2026-04-04,peak week inc flu hosp,NA,NA,01,pmf,2026-02-14,0.02992063395773347
2026-04-04,peak week inc flu hosp,NA,NA,01,pmf,2026-02-21,0.014960552967063265
2026-04-04,peak week inc flu hosp,NA,NA,01,pmf,2026-02-28,9.975046116638664e-05
2026-04-04,peak week inc flu hosp,NA,NA,01,pmf,2026-03-07,9.975046116638664e-05
2026-04-04,peak week inc flu hosp,NA,NA,01,pmf,2026-03-14,9.975046116638664e-05
2026-04-04,peak week inc flu hosp,NA,NA,01,pmf,2026-03-21,9.975046116638664e-05
2026-04-04,peak week inc flu hosp,NA,NA,01,pmf,2026-03-28,0.004639482003224222
2026-04-04,peak week inc flu hosp,NA,NA,01,pmf,2026-04-04,0.00012809157036684812
2026-04-04,peak week inc flu hosp,NA,NA,01,pmf,2026-04-11,0.0001625401786034261
2026-04-04,peak week inc flu hosp,NA,NA,01,pmf,2026-04-18,9.975046116638664e-05
2026-04-04,peak week inc flu hosp,NA,NA,01,pmf,2026-04-25,9.975046116638664e-05
2026-04-04,peak week inc flu hosp,NA,NA,01,pmf,2026-05-02,9.975046116638664e-05
2026-04-04,peak week inc flu hosp,NA,NA,01,pmf,2026-05-09,9.975046116638664e-05
2026-04-04,peak week inc flu hosp,NA,NA,01,pmf,2026-05-16,9.975046116638664e-05
2026-04-04,peak week inc flu hosp,NA,NA,01,pmf,2026-05-23,9.975046116638664e-05
2026-04-04,peak week inc flu hosp,NA,NA,02,pmf,2025-10-04,9.968725039534737e-05
2026-04-04,peak week inc flu hosp,NA,NA,02,pmf,2025-10-11,9.968725039534737e-05
2026-04-04,peak week inc flu hosp,NA,NA,02,pmf,2025-10-18,9.968725039534737e-05
2026-04-04,peak week inc flu hosp,NA,NA,02,pmf,2025-10-25,9.968725039534737e-05
2026-04-04,peak week inc flu hosp,NA,NA,02,pmf,2025-11-01,9.968725039534737e-05
2026-04-04,peak week inc flu hosp,NA,NA,02,pmf,2025-11-08,9.968725039534737e-05
2026-04-04,peak week inc flu hosp,NA,NA,02,pmf,2025-11-15,9.968725039534737e-05
2026-04-04,peak week inc flu hosp,NA,NA,02,pmf,2025-11-22,9.968725039534737e-05
2026-04-04,peak week inc flu hosp,NA,NA,02,pmf,2025-11-29,9.968725039534737e-05
2026-04-04,peak week inc flu hosp,NA,NA,02,pmf,2025-12-06,9.968725039534737e-05
2026-04-04,peak week inc flu hosp,NA,NA,02,pmf,2025-12-13,9.968725039534737e-05
2026-04-04,peak week inc flu hosp,NA,NA,02,pmf,2025-12-20,9.968725039534737e-05
2026-04-04,peak week inc flu hosp,NA,NA,02,pmf,2025-12-27,0.9967103207369536
2026-04-04,peak week inc flu hosp,NA,NA,02,pmf,2026-01-03,9.968725039534737e-05
2026-04-04,peak week inc flu hosp,NA,NA,02,pmf,2026-01-10,9.968725039534737e-05
2026-04-04,peak week inc flu hosp,NA,NA,02,pmf,2026-01-17,9.968725039534737e-05
2026-04-04,peak week inc flu hosp,NA,NA,02,pmf,2026-01-24,9.968725039534737e-05
2026-04-04,peak week inc flu hosp,NA,NA,02,pmf,2026-01-31,9.968725039534737e-05
2026-04-04,peak week inc flu hosp,NA,NA,02,pmf,2026-02-07,9.968725039534737e-05
2026-04-04,peak week inc flu hosp,NA,NA,02,pmf,2026-02-14,9.968725039534737e-05
2026-04-04,peak week inc flu hosp,NA,NA,02,pmf,2026-02-21,9.968725039534737e-05
2026-04-04,peak week inc flu hosp,NA,NA,02,pmf,2026-02-28,9.968725039534737e-05
2026-04-04,peak week inc flu hosp,NA,NA,02,pmf,2026-03-07,9.968725039534737e-05
2026-04-04,peak week inc flu hosp,NA,NA,02,pmf,2026-03-14,9.968725039534737e-05
2026-04-04,peak week inc flu hosp,NA,NA,02,pmf,2026-03-21,9.968725039534737e-05
2026-04-04,peak week inc flu hosp,NA,NA,02,pmf,2026-03-28,9.968725039534737e-05
2026-04-04,peak week inc flu hosp,NA,NA,02,pmf,2026-04-04,9.968725039534737e-05
2026-04-04,peak week inc flu hosp,NA,NA,02,pmf,2026-04-11,9.968725039534737e-05
2026-04-04,peak week inc flu hosp,NA,NA,02,pmf,2026-04-18,9.968725039534737e-05
2026-04-04,peak week inc flu hosp,NA,NA,02,pmf,2026-04-25,9.968725039534737e-05
2026-04-04,peak week inc flu hosp,NA,NA,02,pmf,2026-05-02,9.968725039534737e-05
2026-04-04,peak week inc flu hosp,NA,NA,02,pmf,2026-05-09,9.968725039534737e-05
2026-04-04,peak week inc flu hosp,NA,NA,02,pmf,2026-05-16,9.968725039534737e-05
2026-04-04,peak week inc flu hosp,NA,NA,02,pmf,2026-05-23,9.968725039534737e-05
2026-04-04,peak week inc flu hosp,NA,NA,04,pmf,2025-10-04,9.979044007584072e-05
2026-04-04,peak week inc flu hosp,NA,NA,04,pmf,2025-10-11,9.979044007584072e-05
2026-04-04,peak week inc flu hosp,NA,NA,04,pmf,2025-10-18,9.979044007584072e-05
2026-04-04,peak week inc flu hosp,NA,NA,04,pmf,2025-10-25,9.979044007584072e-05
2026-04-04,peak week inc flu hosp,NA,NA,04,pmf,2025-11-01,9.979044007584072e-05
2026-04-04,peak week inc flu hosp,NA,NA,04,pmf,2025-11-08,9.979044007584072e-05
2026-04-04,peak week inc flu hosp,NA,NA,04,pmf,2025-11-15,9.979044007584072e-05
2026-04-04,peak week inc flu hosp,NA,NA,04,pmf,2025-11-22,9.979044007584072e-05
2026-04-04,peak week inc flu hosp,NA,NA,04,pmf,2025-11-29,9.979044007584072e-05
2026-04-04,peak week inc flu hosp,NA,NA,04,pmf,2025-12-06,9.979044007584072e-05
2026-04-04,peak week inc flu hosp,NA,NA,04,pmf,2025-12-13,9.979044007584072e-05
2026-04-04,peak week inc flu hosp,NA,NA,04,pmf,2025-12-20,9.979044007584072e-05
2026-04-04,peak week inc flu hosp,NA,NA,04,pmf,2025-12-27,9.979044007584072e-05
2026-04-04,peak week inc flu hosp,NA,NA,04,pmf,2026-01-03,0.014913515981050776
2026-04-04,peak week inc flu hosp,NA,NA,04,pmf,2026-01-10,9.979044007584072e-05
2026-04-04,peak week inc flu hosp,NA,NA,04,pmf,2026-01-17,9.979044007584072e-05
2026-04-04,peak week inc flu hosp,NA,NA,04,pmf,2026-01-24,9.979044007584072e-05
2026-04-04,peak week inc flu hosp,NA,NA,04,pmf,2026-01-31,9.979044007584072e-05
2026-04-04,peak week inc flu hosp,NA,NA,04,pmf,2026-02-07,0.01987828037445139
2026-04-04,peak week inc flu hosp,NA,NA,04,pmf,2026-02-14,0.9463789132622443
2026-04-04,peak week inc flu hosp,NA,NA,04,pmf,2026-02-21,0.004937766202851801
2026-04-04,peak week inc flu hosp,NA,NA,04,pmf,2026-02-28,0.004949431328537075
2026-04-04,peak week inc flu hosp,NA,NA,04,pmf,2026-03-07,9.979044007584072e-05
2026-04-04,peak week inc flu hosp,NA,NA,04,pmf,2026-03-14,9.979044007584072e-05
2026-04-04,peak week inc flu hosp,NA,NA,04,pmf,2026-03-21,9.979044007584072e-05
2026-04-04,peak week inc flu hosp,NA,NA,04,pmf,2026-03-28,9.979044007584072e-05
2026-04-04,peak week inc flu hosp,NA,NA,04,pmf,2026-04-04,0.0001740404842803173
2026-04-04,peak week inc flu hosp,NA,NA,04,pmf,2026-04-11,0.0004974104086582061
2026-04-04,peak week inc flu hosp,NA,NA,04,pmf,2026-04-18,0.0008652726881466711
2026-04-04,peak week inc flu hosp,NA,NA,04,pmf,2026-04-25,0.0033579245511740786
2026-04-04,peak week inc flu hosp,NA,NA,04,pmf,2026-05-02,0.0012434203199275027
2026-04-04,peak week inc flu hosp,NA,NA,04,pmf,2026-05-09,0.0003868148449728474
2026-04-04,peak week inc flu hosp,NA,NA,04,pmf,2026-05-16,0.00015995069328897233
2026-04-04,peak week inc flu hosp,NA,NA,04,pmf,2026-05-23,0.00016165961882339016
2026-04-04,peak week inc flu hosp,NA,NA,05,pmf,2025-10-04,9.981767036729959e-05
2026-04-04,peak week inc flu hosp,NA,NA,05,pmf,2025-10-11,9.981767036729959e-05
2026-04-04,peak week inc flu hosp,NA,NA,05,pmf,2025-10-18,9.981767036729959e-05
2026-04-04,peak week inc flu hosp,NA,NA,05,pmf,2025-10-25,9.981767036729959e-05
2026-04-04,peak week inc flu hosp,NA,NA,05,pmf,2025-11-01,9.981767036729959e-05
2026-04-04,peak week inc flu hosp,NA,NA,05,pmf,2025-11-08,9.981767036729959e-05
2026-04-04,peak week inc flu hosp,NA,NA,05,pmf,2025-11-15,9.981767036729959e-05
2026-04-04,peak week inc flu hosp,NA,NA,05,pmf,2025-11-22,9.981767036729959e-05
2026-04-04,peak week inc flu hosp,NA,NA,05,pmf,2025-11-29,9.981767036729959e-05
2026-04-04,peak week inc flu hosp,NA,NA,05,pmf,2025-12-06,9.981767036729959e-05
2026-04-04,peak week inc flu hosp,NA,NA,05,pmf,2025-12-13,9.981767036729959e-05
2026-04-04,peak week inc flu hosp,NA,NA,05,pmf,2025-12-20,9.981767036729959e-05
2026-04-04,peak week inc flu hosp,NA,NA,05,pmf,2025-12-27,0.9121719153982337
2026-04-04,peak week inc flu hosp,NA,NA,05,pmf,2026-01-03,9.981767036729959e-05
2026-04-04,peak week inc flu hosp,NA,NA,05,pmf,2026-01-10,9.981767036729959e-05
2026-04-04,peak week inc flu hosp,NA,NA,05,pmf,2026-01-17,9.981767036729959e-05
2026-04-04,peak week inc flu hosp,NA,NA,05,pmf,2026-01-24,0.00997998437037416
2026-04-04,peak week inc flu hosp,NA,NA,05,pmf,2026-01-31,0.009980296911139393
2026-04-04,peak week inc flu hosp,NA,NA,05,pmf,2026-02-07,0.004989991480233221
2026-04-04,peak week inc flu hosp,NA,NA,05,pmf,2026-02-14,0.034929994233270444
2026-04-04,peak week inc flu hosp,NA,NA,05,pmf,2026-02-21,0.004989994011678818
2026-04-04,peak week inc flu hosp,NA,NA,05,pmf,2026-02-28,0.004990114799448767
2026-04-04,peak week inc flu hosp,NA,NA,05,pmf,2026-03-07,0.009977002713405072
2026-04-04,peak week inc flu hosp,NA,NA,05,pmf,2026-03-14,0.004976528643440451
2026-04-04,peak week inc flu hosp,NA,NA,05,pmf,2026-03-21,9.981767036729959e-05
2026-04-04,peak week inc flu hosp,NA,NA,05,pmf,2026-03-28,9.981767036729959e-05
2026-04-04,peak week inc flu hosp,NA,NA,05,pmf,2026-04-04,0.00028890464248575664
2026-04-04,peak week inc flu hosp,NA,NA,05,pmf,2026-04-11,0.00014196241163380482
2026-04-04,peak week inc flu hosp,NA,NA,05,pmf,2026-04-18,0.0003115802661185565
2026-04-04,peak week inc flu hosp,NA,NA,05,pmf,2026-04-25,0.00010511163053912291
2026-04-04,peak week inc flu hosp,NA,NA,05,pmf,2026-05-02,0.00017026508065264457
2026-04-04,peak week inc flu hosp,NA,NA,05,pmf,2026-05-09,9.981767036729959e-05
2026-04-04,peak week inc flu hosp,NA,NA,05,pmf,2026-05-16,9.981767036729959e-05
2026-04-04,peak week inc flu hosp,NA,NA,05,pmf,2026-05-23,9.981767036729959e-05
2026-04-04,peak week inc flu hosp,NA,NA,06,pmf,2025-10-04,9.97380233331119e-05
2026-04-04,peak week inc flu hosp,NA,NA,06,pmf,2025-10-11,9.97380233331119e-05
2026-04-04,peak week inc flu hosp,NA,NA,06,pmf,2025-10-18,9.97380233331119e-05
2026-04-04,peak week inc flu hosp,NA,NA,06,pmf,2025-10-25,9.97380233331119e-05
2026-04-04,peak week inc flu hosp,NA,NA,06,pmf,2025-11-01,9.97380233331119e-05
2026-04-04,peak week inc flu hosp,NA,NA,06,pmf,2025-11-08,9.97380233331119e-05
2026-04-04,peak week inc flu hosp,NA,NA,06,pmf,2025-11-15,9.97380233331119e-05
2026-04-04,peak week inc flu hosp,NA,NA,06,pmf,2025-11-22,9.97380233331119e-05
2026-04-04,peak week inc flu hosp,NA,NA,06,pmf,2025-11-29,9.97380233331119e-05
2026-04-04,peak week inc flu hosp,NA,NA,06,pmf,2025-12-06,9.97380233331119e-05
2026-04-04,peak week inc flu hosp,NA,NA,06,pmf,2025-12-13,9.97380233331119e-05
2026-04-04,peak week inc flu hosp,NA,NA,06,pmf,2025-12-20,9.97380233331119e-05
2026-04-04,peak week inc flu hosp,NA,NA,06,pmf,2025-12-27,9.97380233331119e-05
2026-04-04,peak week inc flu hosp,NA,NA,06,pmf,2026-01-03,9.97380233331119e-05
2026-04-04,peak week inc flu hosp,NA,NA,06,pmf,2026-01-10,9.97380233331119e-05
2026-04-04,peak week inc flu hosp,NA,NA,06,pmf,2026-01-17,9.97380233331119e-05
2026-04-04,peak week inc flu hosp,NA,NA,06,pmf,2026-01-24,0.004983872832858575
2026-04-04,peak week inc flu hosp,NA,NA,06,pmf,2026-01-31,9.97380233331119e-05
2026-04-04,peak week inc flu hosp,NA,NA,06,pmf,2026-02-07,0.10966583706227201
2026-04-04,peak week inc flu hosp,NA,NA,06,pmf,2026-02-14,0.8770493179703923
2026-04-04,peak week inc flu hosp,NA,NA,06,pmf,2026-02-21,0.004984681161616206
2026-04-04,peak week inc flu hosp,NA,NA,06,pmf,2026-02-28,9.97380233331119e-05
2026-04-04,peak week inc flu hosp,NA,NA,06,pmf,2026-03-07,9.97380233331119e-05
2026-04-04,peak week inc flu hosp,NA,NA,06,pmf,2026-03-14,9.97380233331119e-05
2026-04-04,peak week inc flu hosp,NA,NA,06,pmf,2026-03-21,9.97380233331119e-05
2026-04-04,peak week inc flu hosp,NA,NA,06,pmf,2026-03-28,9.97380233331119e-05
2026-04-04,peak week inc flu hosp,NA,NA,06,pmf,2026-04-04,9.97380233331119e-05
2026-04-04,peak week inc flu hosp,NA,NA,06,pmf,2026-04-11,9.97380233331119e-05
2026-04-04,peak week inc flu hosp,NA,NA,06,pmf,2026-04-18,9.97380233331119e-05
2026-04-04,peak week inc flu hosp,NA,NA,06,pmf,2026-04-25,0.00042388829620069237
2026-04-04,peak week inc flu hosp,NA,NA,06,pmf,2026-05-02,9.97380233331119e-05
2026-04-04,peak week inc flu hosp,NA,NA,06,pmf,2026-05-09,9.97380233331119e-05
2026-04-04,peak week inc flu hosp,NA,NA,06,pmf,2026-05-16,9.97380233331119e-05
2026-04-04,peak week inc flu hosp,NA,NA,06,pmf,2026-05-23,9.97380233331119e-05
2026-04-04,peak week inc flu hosp,NA,NA,08,pmf,2025-10-04,9.971779230018699e-05
2026-04-04,peak week inc flu hosp,NA,NA,08,pmf,2025-10-11,9.971779230018699e-05
2026-04-04,peak week inc flu hosp,NA,NA,08,pmf,2025-10-18,9.971779230018699e-05
2026-04-04,peak week inc flu hosp,NA,NA,08,pmf,2025-10-25,9.971779230018699e-05
2026-04-04,peak week inc flu hosp,NA,NA,08,pmf,2025-11-01,9.971779230018699e-05
2026-04-04,peak week inc flu hosp,NA,NA,08,pmf,2025-11-08,9.971779230018699e-05
2026-04-04,peak week inc flu hosp,NA,NA,08,pmf,2025-11-15,9.971779230018699e-05
2026-04-04,peak week inc flu hosp,NA,NA,08,pmf,2025-11-22,9.971779230018699e-05
2026-04-04,peak week inc flu hosp,NA,NA,08,pmf,2025-11-29,9.971779230018699e-05
2026-04-04,peak week inc flu hosp,NA,NA,08,pmf,2025-12-06,9.971779230018699e-05
2026-04-04,peak week inc flu hosp,NA,NA,08,pmf,2025-12-13,9.971779230018699e-05
2026-04-04,peak week inc flu hosp,NA,NA,08,pmf,2025-12-20,9.971779230018699e-05
2026-04-04,peak week inc flu hosp,NA,NA,08,pmf,2025-12-27,9.971779230018699e-05
2026-04-04,peak week inc flu hosp,NA,NA,08,pmf,2026-01-03,0.9920667239671376
2026-04-04,peak week inc flu hosp,NA,NA,08,pmf,2026-01-10,9.971779230018699e-05
2026-04-04,peak week inc flu hosp,NA,NA,08,pmf,2026-01-17,9.971779230018699e-05
2026-04-04,peak week inc flu hosp,NA,NA,08,pmf,2026-01-24,9.971779230018699e-05
2026-04-04,peak week inc flu hosp,NA,NA,08,pmf,2026-01-31,9.971779230018699e-05
2026-04-04,peak week inc flu hosp,NA,NA,08,pmf,2026-02-07,9.971779230018699e-05
2026-04-04,peak week inc flu hosp,NA,NA,08,pmf,2026-02-14,9.971779230018699e-05
2026-04-04,peak week inc flu hosp,NA,NA,08,pmf,2026-02-21,9.971779230018699e-05
2026-04-04,peak week inc flu hosp,NA,NA,08,pmf,2026-02-28,9.971779230018699e-05
2026-04-04,peak week inc flu hosp,NA,NA,08,pmf,2026-03-07,9.971779230018699e-05
2026-04-04,peak week inc flu hosp,NA,NA,08,pmf,2026-03-14,9.971779230018699e-05
2026-04-04,peak week inc flu hosp,NA,NA,08,pmf,2026-03-21,9.971779230018699e-05
2026-04-04,peak week inc flu hosp,NA,NA,08,pmf,2026-03-28,0.004742306679256546
2026-04-04,peak week inc flu hosp,NA,NA,08,pmf,2026-04-04,9.971779230018699e-05
2026-04-04,peak week inc flu hosp,NA,NA,08,pmf,2026-04-11,9.971779230018699e-05
2026-04-04,peak week inc flu hosp,NA,NA,08,pmf,2026-04-18,9.971779230018699e-05
2026-04-04,peak week inc flu hosp,NA,NA,08,pmf,2026-04-25,9.971779230018699e-05
2026-04-04,peak week inc flu hosp,NA,NA,08,pmf,2026-05-02,9.971779230018699e-05
2026-04-04,peak week inc flu hosp,NA,NA,08,pmf,2026-05-09,9.971779230018699e-05
2026-04-04,peak week inc flu hosp,NA,NA,08,pmf,2026-05-16,9.971779230018699e-05
2026-04-04,peak week inc flu hosp,NA,NA,08,pmf,2026-05-23,9.971779230018699e-05
2026-04-04,peak week inc flu hosp,NA,NA,09,pmf,2025-10-04,9.968706047137271e-05
2026-04-04,peak week inc flu hosp,NA,NA,09,pmf,2025-10-11,9.968706047137271e-05
2026-04-04,peak week inc flu hosp,NA,NA,09,pmf,2025-10-18,9.968706047137271e-05
2026-04-04,peak week inc flu hosp,NA,NA,09,pmf,2025-10-25,9.968706047137271e-05
2026-04-04,peak week inc flu hosp,NA,NA,09,pmf,2025-11-01,9.968706047137271e-05
2026-04-04,peak week inc flu hosp,NA,NA,09,pmf,2025-11-08,9.968706047137271e-05
2026-04-04,peak week inc flu hosp,NA,NA,09,pmf,2025-11-15,9.968706047137271e-05
2026-04-04,peak week inc flu hosp,NA,NA,09,pmf,2025-11-22,9.968706047137271e-05
2026-04-04,peak week inc flu hosp,NA,NA,09,pmf,2025-11-29,9.968706047137271e-05
2026-04-04,peak week inc flu hosp,NA,NA,09,pmf,2025-12-06,9.968706047137271e-05
2026-04-04,peak week inc flu hosp,NA,NA,09,pmf,2025-12-13,9.968706047137271e-05
2026-04-04,peak week inc flu hosp,NA,NA,09,pmf,2025-12-20,9.968706047137271e-05
2026-04-04,peak week inc flu hosp,NA,NA,09,pmf,2025-12-27,9.968706047137271e-05
2026-04-04,peak week inc flu hosp,NA,NA,09,pmf,2026-01-03,0.9967103270044448
2026-04-04,peak week inc flu hosp,NA,NA,09,pmf,2026-01-10,9.968706047137271e-05
2026-04-04,peak week inc flu hosp,NA,NA,09,pmf,2026-01-17,9.968706047137271e-05
2026-04-04,peak week inc flu hosp,NA,NA,09,pmf,2026-01-24,9.968706047137271e-05
2026-04-04,peak week inc flu hosp,NA,NA,09,pmf,2026-01-31,9.968706047137271e-05
2026-04-04,peak week inc flu hosp,NA,NA,09,pmf,2026-02-07,9.968706047137271e-05
2026-04-04,peak week inc flu hosp,NA,NA,09,pmf,2026-02-14,9.968706047137271e-05
2026-04-04,peak week inc flu hosp,NA,NA,09,pmf,2026-02-21,9.968706047137271e-05
2026-04-04,peak week inc flu hosp,NA,NA,09,pmf,2026-02-28,9.968706047137271e-05
2026-04-04,peak week inc flu hosp,NA,NA,09,pmf,2026-03-07,9.968706047137271e-05
2026-04-04,peak week inc flu hosp,NA,NA,09,pmf,2026-03-14,9.968706047137271e-05
2026-04-04,peak week inc flu hosp,NA,NA,09,pmf,2026-03-21,9.968706047137271e-05
2026-04-04,peak week inc flu hosp,NA,NA,09,pmf,2026-03-28,9.968706047137271e-05
2026-04-04,peak week inc flu hosp,NA,NA,09,pmf,2026-04-04,9.968706047137271e-05
2026-04-04,peak week inc flu hosp,NA,NA,09,pmf,2026-04-11,9.968706047137271e-05
2026-04-04,peak week inc flu hosp,NA,NA,09,pmf,2026-04-18,9.968706047137271e-05
2026-04-04,peak week inc flu hosp,NA,NA,09,pmf,2026-04-25,9.968706047137271e-05
2026-04-04,peak week inc flu hosp,NA,NA,09,pmf,2026-05-02,9.968706047137271e-05
2026-04-04,peak week inc flu hosp,NA,NA,09,pmf,2026-05-09,9.968706047137271e-05
2026-04-04,peak week inc flu hosp,NA,NA,09,pmf,2026-05-16,9.968706047137271e-05
2026-04-04,peak week inc flu hosp,NA,NA,09,pmf,2026-05-23,9.968706047137271e-05
2026-04-04,peak week inc flu hosp,NA,NA,10,pmf,2025-10-04,9.969557844741456e-05
2026-04-04,peak week inc flu hosp,NA,NA,10,pmf,2025-10-11,9.969557844741456e-05
2026-04-04,peak week inc flu hosp,NA,NA,10,pmf,2025-10-18,9.969557844741456e-05
2026-04-04,peak week inc flu hosp,NA,NA,10,pmf,2025-10-25,9.969557844741456e-05
2026-04-04,peak week inc flu hosp,NA,NA,10,pmf,2025-11-01,9.969557844741456e-05
2026-04-04,peak week inc flu hosp,NA,NA,10,pmf,2025-11-08,9.969557844741456e-05
2026-04-04,peak week inc flu hosp,NA,NA,10,pmf,2025-11-15,9.969557844741456e-05
2026-04-04,peak week inc flu hosp,NA,NA,10,pmf,2025-11-22,9.969557844741456e-05
2026-04-04,peak week inc flu hosp,NA,NA,10,pmf,2025-11-29,9.969557844741456e-05
2026-04-04,peak week inc flu hosp,NA,NA,10,pmf,2025-12-06,9.969557844741456e-05
2026-04-04,peak week inc flu hosp,NA,NA,10,pmf,2025-12-13,9.969557844741456e-05
2026-04-04,peak week inc flu hosp,NA,NA,10,pmf,2025-12-20,9.969557844741456e-05
2026-04-04,peak week inc flu hosp,NA,NA,10,pmf,2025-12-27,0.991829953188383
2026-04-04,peak week inc flu hosp,NA,NA,10,pmf,2026-01-03,9.969557844741456e-05
2026-04-04,peak week inc flu hosp,NA,NA,10,pmf,2026-01-10,9.969557844741456e-05
2026-04-04,peak week inc flu hosp,NA,NA,10,pmf,2026-01-17,9.969557844741456e-05
2026-04-04,peak week inc flu hosp,NA,NA,10,pmf,2026-01-24,9.969557844741456e-05
2026-04-04,peak week inc flu hosp,NA,NA,10,pmf,2026-01-31,9.969557844741456e-05
2026-04-04,peak week inc flu hosp,NA,NA,10,pmf,2026-02-07,9.969557844741456e-05
2026-04-04,peak week inc flu hosp,NA,NA,10,pmf,2026-02-14,9.969557844741456e-05
2026-04-04,peak week inc flu hosp,NA,NA,10,pmf,2026-02-21,9.969557844741456e-05
2026-04-04,peak week inc flu hosp,NA,NA,10,pmf,2026-02-28,9.969557844741456e-05
2026-04-04,peak week inc flu hosp,NA,NA,10,pmf,2026-03-07,9.969557844741456e-05
2026-04-04,peak week inc flu hosp,NA,NA,10,pmf,2026-03-14,0.004979788301299721
2026-04-04,peak week inc flu hosp,NA,NA,10,pmf,2026-03-21,9.969557844741456e-05
2026-04-04,peak week inc flu hosp,NA,NA,10,pmf,2026-03-28,9.969557844741456e-05
2026-04-04,peak week inc flu hosp,NA,NA,10,pmf,2026-04-04,9.969557844741456e-05
2026-04-04,peak week inc flu hosp,NA,NA,10,pmf,2026-04-11,9.969557844741456e-05
2026-04-04,peak week inc flu hosp,NA,NA,10,pmf,2026-04-18,9.969557844741456e-05
2026-04-04,peak week inc flu hosp,NA,NA,10,pmf,2026-04-25,9.969557844741456e-05
2026-04-04,peak week inc flu hosp,NA,NA,10,pmf,2026-05-02,9.969557844741456e-05
2026-04-04,peak week inc flu hosp,NA,NA,10,pmf,2026-05-09,9.969557844741456e-05
2026-04-04,peak week inc flu hosp,NA,NA,10,pmf,2026-05-16,9.969557844741456e-05
2026-04-04,peak week inc flu hosp,NA,NA,10,pmf,2026-05-23,9.969557844741456e-05
2026-04-04,peak week inc flu hosp,NA,NA,11,pmf,2025-10-04,9.969333086435208e-05
2026-04-04,peak week inc flu hosp,NA,NA,11,pmf,2025-10-11,9.969333086435208e-05
2026-04-04,peak week inc flu hosp,NA,NA,11,pmf,2025-10-18,9.969333086435208e-05
2026-04-04,peak week inc flu hosp,NA,NA,11,pmf,2025-10-25,9.969333086435208e-05
2026-04-04,peak week inc flu hosp,NA,NA,11,pmf,2025-11-01,9.969333086435208e-05
2026-04-04,peak week inc flu hosp,NA,NA,11,pmf,2025-11-08,9.969333086435208e-05
2026-04-04,peak week inc flu hosp,NA,NA,11,pmf,2025-11-15,9.969333086435208e-05
2026-04-04,peak week inc flu hosp,NA,NA,11,pmf,2025-11-22,9.969333086435208e-05
2026-04-04,peak week inc flu hosp,NA,NA,11,pmf,2025-11-29,9.969333086435208e-05
2026-04-04,peak week inc flu hosp,NA,NA,11,pmf,2025-12-06,9.969333086435208e-05
2026-04-04,peak week inc flu hosp,NA,NA,11,pmf,2025-12-13,9.969333086435208e-05
2026-04-04,peak week inc flu hosp,NA,NA,11,pmf,2025-12-20,9.969333086435208e-05
2026-04-04,peak week inc flu hosp,NA,NA,11,pmf,2025-12-27,9.969333086435208e-05
2026-04-04,peak week inc flu hosp,NA,NA,11,pmf,2026-01-03,0.9967101200814764
2026-04-04,peak week inc flu hosp,NA,NA,11,pmf,2026-01-10,9.969333086435208e-05
2026-04-04,peak week inc flu hosp,NA,NA,11,pmf,2026-01-17,9.969333086435208e-05
2026-04-04,peak week inc flu hosp,NA,NA,11,pmf,2026-01-24,9.969333086435208e-05
2026-04-04,peak week inc flu hosp,NA,NA,11,pmf,2026-01-31,9.969333086435208e-05
2026-04-04,peak week inc flu hosp,NA,NA,11,pmf,2026-02-07,9.969333086435208e-05
2026-04-04,peak week inc flu hosp,NA,NA,11,pmf,2026-02-14,9.969333086435208e-05
2026-04-04,peak week inc flu hosp,NA,NA,11,pmf,2026-02-21,9.969333086435208e-05
2026-04-04,peak week inc flu hosp,NA,NA,11,pmf,2026-02-28,9.969333086435208e-05
2026-04-04,peak week inc flu hosp,NA,NA,11,pmf,2026-03-07,9.969333086435208e-05
2026-04-04,peak week inc flu hosp,NA,NA,11,pmf,2026-03-14,9.969333086435208e-05
2026-04-04,peak week inc flu hosp,NA,NA,11,pmf,2026-03-21,9.969333086435208e-05
2026-04-04,peak week inc flu hosp,NA,NA,11,pmf,2026-03-28,9.969333086435208e-05
2026-04-04,peak week inc flu hosp,NA,NA,11,pmf,2026-04-04,9.969333086435208e-05
2026-04-04,peak week inc flu hosp,NA,NA,11,pmf,2026-04-11,9.969333086435208e-05
2026-04-04,peak week inc flu hosp,NA,NA,11,pmf,2026-04-18,9.969333086435208e-05
2026-04-04,peak week inc flu hosp,NA,NA,11,pmf,2026-04-25,9.969333086435208e-05
2026-04-04,peak week inc flu hosp,NA,NA,11,pmf,2026-05-02,9.969333086435208e-05
2026-04-04,peak week inc flu hosp,NA,NA,11,pmf,2026-05-09,9.969333086435208e-05
2026-04-04,peak week inc flu hosp,NA,NA,11,pmf,2026-05-16,9.969333086435208e-05
2026-04-04,peak week inc flu hosp,NA,NA,11,pmf,2026-05-23,9.969333086435208e-05
2026-04-04,peak week inc flu hosp,NA,NA,12,pmf,2025-10-04,9.973666305858571e-05
2026-04-04,peak week inc flu hosp,NA,NA,12,pmf,2025-10-11,9.973666305858571e-05
2026-04-04,peak week inc flu hosp,NA,NA,12,pmf,2025-10-18,9.973666305858571e-05
2026-04-04,peak week inc flu hosp,NA,NA,12,pmf,2025-10-25,9.973666305858571e-05
2026-04-04,peak week inc flu hosp,NA,NA,12,pmf,2025-11-01,9.973666305858571e-05
2026-04-04,peak week inc flu hosp,NA,NA,12,pmf,2025-11-08,9.973666305858571e-05
2026-04-04,peak week inc flu hosp,NA,NA,12,pmf,2025-11-15,9.973666305858571e-05
2026-04-04,peak week inc flu hosp,NA,NA,12,pmf,2025-11-22,9.973666305858571e-05
2026-04-04,peak week inc flu hosp,NA,NA,12,pmf,2025-11-29,9.973666305858571e-05
2026-04-04,peak week inc flu hosp,NA,NA,12,pmf,2025-12-06,9.973666305858571e-05
2026-04-04,peak week inc flu hosp,NA,NA,12,pmf,2025-12-13,9.973666305858571e-05
2026-04-04,peak week inc flu hosp,NA,NA,12,pmf,2025-12-20,9.973666305858571e-05
2026-04-04,peak week inc flu hosp,NA,NA,12,pmf,2025-12-27,9.973666305858571e-05
2026-04-04,peak week inc flu hosp,NA,NA,12,pmf,2026-01-03,0.8675762919643856
2026-04-04,peak week inc flu hosp,NA,NA,12,pmf,2026-01-10,9.973666305858571e-05
2026-04-04,peak week inc flu hosp,NA,NA,12,pmf,2026-01-17,9.973666305858571e-05
2026-04-04,peak week inc flu hosp,NA,NA,12,pmf,2026-01-24,0.004986287242865484
2026-04-04,peak week inc flu hosp,NA,NA,12,pmf,2026-01-31,0.004986165129982588
2026-04-04,peak week inc flu hosp,NA,NA,12,pmf,2026-02-07,0.009970238247081192
2026-04-04,peak week inc flu hosp,NA,NA,12,pmf,2026-02-14,0.09971597604550711
2026-04-04,peak week inc flu hosp,NA,NA,12,pmf,2026-02-21,0.009972414804537606
2026-04-04,peak week inc flu hosp,NA,NA,12,pmf,2026-02-28,9.973666305858571e-05
2026-04-04,peak week inc flu hosp,NA,NA,12,pmf,2026-03-07,9.973666305858571e-05
2026-04-04,peak week inc flu hosp,NA,NA,12,pmf,2026-03-14,9.973666305858571e-05
2026-04-04,peak week inc flu hosp,NA,NA,12,pmf,2026-03-21,9.973666305858571e-05
2026-04-04,peak week inc flu hosp,NA,NA,12,pmf,2026-03-28,9.973666305858571e-05
2026-04-04,peak week inc flu hosp,NA,NA,12,pmf,2026-04-04,9.973666305858571e-05
2026-04-04,peak week inc flu hosp,NA,NA,12,pmf,2026-04-11,9.973666305858571e-05
2026-04-04,peak week inc flu hosp,NA,NA,12,pmf,2026-04-18,9.973666305858571e-05
2026-04-04,peak week inc flu hosp,NA,NA,12,pmf,2026-04-25,9.973666305858571e-05
2026-04-04,peak week inc flu hosp,NA,NA,12,pmf,2026-05-02,9.973666305858571e-05
2026-04-04,peak week inc flu hosp,NA,NA,12,pmf,2026-05-09,9.973666305858571e-05
2026-04-04,peak week inc flu hosp,NA,NA,12,pmf,2026-05-16,9.973666305858571e-05
2026-04-04,peak week inc flu hosp,NA,NA,12,pmf,2026-05-23,9.973666305858571e-05
2026-04-04,peak week inc flu hosp,NA,NA,13,pmf,2025-10-04,9.971294621463595e-05
2026-04-04,peak week inc flu hosp,NA,NA,13,pmf,2025-10-11,9.971294621463595e-05
2026-04-04,peak week inc flu hosp,NA,NA,13,pmf,2025-10-18,9.971294621463595e-05
2026-04-04,peak week inc flu hosp,NA,NA,13,pmf,2025-10-25,9.971294621463595e-05
2026-04-04,peak week inc flu hosp,NA,NA,13,pmf,2025-11-01,9.971294621463595e-05
2026-04-04,peak week inc flu hosp,NA,NA,13,pmf,2025-11-08,9.971294621463595e-05
2026-04-04,peak week inc flu hosp,NA,NA,13,pmf,2025-11-15,9.971294621463595e-05
2026-04-04,peak week inc flu hosp,NA,NA,13,pmf,2025-11-22,9.971294621463595e-05
2026-04-04,peak week inc flu hosp,NA,NA,13,pmf,2025-11-29,9.971294621463595e-05
2026-04-04,peak week inc flu hosp,NA,NA,13,pmf,2025-12-06,9.971294621463595e-05
2026-04-04,peak week inc flu hosp,NA,NA,13,pmf,2025-12-13,9.971294621463595e-05
2026-04-04,peak week inc flu hosp,NA,NA,13,pmf,2025-12-20,9.971294621463595e-05
2026-04-04,peak week inc flu hosp,NA,NA,13,pmf,2025-12-27,0.9770687097628892
2026-04-04,peak week inc flu hosp,NA,NA,13,pmf,2026-01-03,9.971294621463595e-05
2026-04-04,peak week inc flu hosp,NA,NA,13,pmf,2026-01-10,9.971294621463595e-05
2026-04-04,peak week inc flu hosp,NA,NA,13,pmf,2026-01-17,9.971294621463595e-05
2026-04-04,peak week inc flu hosp,NA,NA,13,pmf,2026-01-24,0.004985023785503748
2026-04-04,peak week inc flu hosp,NA,NA,13,pmf,2026-01-31,0.004984900404672664
2026-04-04,peak week inc flu hosp,NA,NA,13,pmf,2026-02-07,9.971294621463595e-05
2026-04-04,peak week inc flu hosp,NA,NA,13,pmf,2026-02-14,9.971294621463595e-05
2026-04-04,peak week inc flu hosp,NA,NA,13,pmf,2026-02-21,0.009969977660495462
2026-04-04,peak week inc flu hosp,NA,NA,13,pmf,2026-02-28,9.971294621463595e-05
2026-04-04,peak week inc flu hosp,NA,NA,13,pmf,2026-03-07,9.971294621463595e-05
2026-04-04,peak week inc flu hosp,NA,NA,13,pmf,2026-03-14,9.971294621463595e-05
2026-04-04,peak week inc flu hosp,NA,NA,13,pmf,2026-03-21,9.971294621463595e-05
2026-04-04,peak week inc flu hosp,NA,NA,13,pmf,2026-03-28,9.971294621463595e-05
2026-04-04,peak week inc flu hosp,NA,NA,13,pmf,2026-04-04,9.971294621463595e-05
2026-04-04,peak week inc flu hosp,NA,NA,13,pmf,2026-04-11,9.971294621463595e-05
2026-04-04,peak week inc flu hosp,NA,NA,13,pmf,2026-04-18,9.971294621463595e-05
2026-04-04,peak week inc flu hosp,NA,NA,13,pmf,2026-04-25,9.971294621463595e-05
2026-04-04,peak week inc flu hosp,NA,NA,13,pmf,2026-05-02,9.971294621463595e-05
2026-04-04,peak week inc flu hosp,NA,NA,13,pmf,2026-05-09,9.971294621463595e-05
2026-04-04,peak week inc flu hosp,NA,NA,13,pmf,2026-05-16,9.971294621463595e-05
2026-04-04,peak week inc flu hosp,NA,NA,13,pmf,2026-05-23,9.971294621463595e-05
2026-04-04,peak week inc flu hosp,NA,NA,15,pmf,2025-10-04,9.969796769289412e-05
2026-04-04,peak week inc flu hosp,NA,NA,15,pmf,2025-10-11,9.969796769289412e-05
2026-04-04,peak week inc flu hosp,NA,NA,15,pmf,2025-10-18,9.969796769289412e-05
2026-04-04,peak week inc flu hosp,NA,NA,15,pmf,2025-10-25,9.969796769289412e-05
2026-04-04,peak week inc flu hosp,NA,NA,15,pmf,2025-11-01,9.969796769289412e-05
2026-04-04,peak week inc flu hosp,NA,NA,15,pmf,2025-11-08,9.969796769289412e-05
2026-04-04,peak week inc flu hosp,NA,NA,15,pmf,2025-11-15,9.969796769289412e-05
2026-04-04,peak week inc flu hosp,NA,NA,15,pmf,2025-11-22,9.969796769289412e-05
2026-04-04,peak week inc flu hosp,NA,NA,15,pmf,2025-11-29,9.969796769289412e-05
2026-04-04,peak week inc flu hosp,NA,NA,15,pmf,2025-12-06,9.969796769289412e-05
2026-04-04,peak week inc flu hosp,NA,NA,15,pmf,2025-12-13,9.969796769289412e-05
2026-04-04,peak week inc flu hosp,NA,NA,15,pmf,2025-12-20,9.969796769289412e-05
2026-04-04,peak week inc flu hosp,NA,NA,15,pmf,2025-12-27,9.969796769289412e-05
2026-04-04,peak week inc flu hosp,NA,NA,15,pmf,2026-01-03,0.9918440252341341
2026-04-04,peak week inc flu hosp,NA,NA,15,pmf,2026-01-10,9.969796769289412e-05
2026-04-04,peak week inc flu hosp,NA,NA,15,pmf,2026-01-17,9.969796769289412e-05
2026-04-04,peak week inc flu hosp,NA,NA,15,pmf,2026-01-24,9.969796769289412e-05
2026-04-04,peak week inc flu hosp,NA,NA,15,pmf,2026-01-31,9.969796769289412e-05
2026-04-04,peak week inc flu hosp,NA,NA,15,pmf,2026-02-07,9.969796769289412e-05
2026-04-04,peak week inc flu hosp,NA,NA,15,pmf,2026-02-14,9.969796769289412e-05
2026-04-04,peak week inc flu hosp,NA,NA,15,pmf,2026-02-21,9.969796769289412e-05
2026-04-04,peak week inc flu hosp,NA,NA,15,pmf,2026-02-28,9.969796769289412e-05
2026-04-04,peak week inc flu hosp,NA,NA,15,pmf,2026-03-07,9.969796769289412e-05
2026-04-04,peak week inc flu hosp,NA,NA,15,pmf,2026-03-14,9.969796769289412e-05
2026-04-04,peak week inc flu hosp,NA,NA,15,pmf,2026-03-21,0.004965639799693527
2026-04-04,peak week inc flu hosp,NA,NA,15,pmf,2026-03-28,9.969796769289412e-05
2026-04-04,peak week inc flu hosp,NA,NA,15,pmf,2026-04-04,9.969796769289412e-05
2026-04-04,peak week inc flu hosp,NA,NA,15,pmf,2026-04-11,9.969796769289412e-05
2026-04-04,peak week inc flu hosp,NA,NA,15,pmf,2026-04-18,9.969796769289412e-05
2026-04-04,peak week inc flu hosp,NA,NA,15,pmf,2026-04-25,9.969796769289412e-05
2026-04-04,peak week inc flu hosp,NA,NA,15,pmf,2026-05-02,9.969796769289412e-05
2026-04-04,peak week inc flu hosp,NA,NA,15,pmf,2026-05-09,9.969796769289412e-05
2026-04-04,peak week inc flu hosp,NA,NA,15,pmf,2026-05-16,9.969796769289412e-05
2026-04-04,peak week inc flu hosp,NA,NA,15,pmf,2026-05-23,9.969796769289412e-05
2026-04-04,peak week inc flu hosp,NA,NA,16,pmf,2025-10-04,9.976065279980582e-05
2026-04-04,peak week inc flu hosp,NA,NA,16,pmf,2025-10-11,9.976065279980582e-05
2026-04-04,peak week inc flu hosp,NA,NA,16,pmf,2025-10-18,9.976065279980582e-05
2026-04-04,peak week inc flu hosp,NA,NA,16,pmf,2025-10-25,9.976065279980582e-05
2026-04-04,peak week inc flu hosp,NA,NA,16,pmf,2025-11-01,9.976065279980582e-05
2026-04-04,peak week inc flu hosp,NA,NA,16,pmf,2025-11-08,9.976065279980582e-05
2026-04-04,peak week inc flu hosp,NA,NA,16,pmf,2025-11-15,9.976065279980582e-05
2026-04-04,peak week inc flu hosp,NA,NA,16,pmf,2025-11-22,9.976065279980582e-05
2026-04-04,peak week inc flu hosp,NA,NA,16,pmf,2025-11-29,9.976065279980582e-05
2026-04-04,peak week inc flu hosp,NA,NA,16,pmf,2025-12-06,9.976065279980582e-05
2026-04-04,peak week inc flu hosp,NA,NA,16,pmf,2025-12-13,9.976065279980582e-05
2026-04-04,peak week inc flu hosp,NA,NA,16,pmf,2025-12-20,9.976065279980582e-05
2026-04-04,peak week inc flu hosp,NA,NA,16,pmf,2025-12-27,9.976065279980582e-05
2026-04-04,peak week inc flu hosp,NA,NA,16,pmf,2026-01-03,0.9821109497698468
2026-04-04,peak week inc flu hosp,NA,NA,16,pmf,2026-01-10,9.976065279980582e-05
2026-04-04,peak week inc flu hosp,NA,NA,16,pmf,2026-01-17,9.976065279980582e-05
2026-04-04,peak week inc flu hosp,NA,NA,16,pmf,2026-01-24,9.976065279980582e-05
2026-04-04,peak week inc flu hosp,NA,NA,16,pmf,2026-01-31,9.976065279980582e-05
2026-04-04,peak week inc flu hosp,NA,NA,16,pmf,2026-02-07,9.976065279980582e-05
2026-04-04,peak week inc flu hosp,NA,NA,16,pmf,2026-02-14,9.976065279980582e-05
2026-04-04,peak week inc flu hosp,NA,NA,16,pmf,2026-02-21,9.976065279980582e-05
2026-04-04,peak week inc flu hosp,NA,NA,16,pmf,2026-02-28,0.004983199841164155
2026-04-04,peak week inc flu hosp,NA,NA,16,pmf,2026-03-07,0.004987018558660244
2026-04-04,peak week inc flu hosp,NA,NA,16,pmf,2026-03-14,9.976065279980582e-05
2026-04-04,peak week inc flu hosp,NA,NA,16,pmf,2026-03-21,9.976065279980582e-05
2026-04-04,peak week inc flu hosp,NA,NA,16,pmf,2026-03-28,0.004548812708147294
2026-04-04,peak week inc flu hosp,NA,NA,16,pmf,2026-04-04,0.0001765368293785262
2026-04-04,peak week inc flu hosp,NA,NA,16,pmf,2026-04-11,0.00017916404351845535
2026-04-04,peak week inc flu hosp,NA,NA,16,pmf,2026-04-18,0.00031445703992634676
2026-04-04,peak week inc flu hosp,NA,NA,16,pmf,2026-04-25,0.00010608423656323564
2026-04-04,peak week inc flu hosp,NA,NA,16,pmf,2026-05-02,9.976065279980582e-05
2026-04-04,peak week inc flu hosp,NA,NA,16,pmf,2026-05-09,9.976065279980582e-05
2026-04-04,peak week inc flu hosp,NA,NA,16,pmf,2026-05-16,9.976065279980582e-05
2026-04-04,peak week inc flu hosp,NA,NA,16,pmf,2026-05-23,9.976065279980582e-05
2026-04-04,peak week inc flu hosp,NA,NA,17,pmf,2025-10-04,9.973349062194603e-05
2026-04-04,peak week inc flu hosp,NA,NA,17,pmf,2025-10-11,9.973349062194603e-05
2026-04-04,peak week inc flu hosp,NA,NA,17,pmf,2025-10-18,9.973349062194603e-05
2026-04-04,peak week inc flu hosp,NA,NA,17,pmf,2025-10-25,9.973349062194603e-05
2026-04-04,peak week inc flu hosp,NA,NA,17,pmf,2025-11-01,9.973349062194603e-05
2026-04-04,peak week inc flu hosp,NA,NA,17,pmf,2025-11-08,9.973349062194603e-05
2026-04-04,peak week inc flu hosp,NA,NA,17,pmf,2025-11-15,9.973349062194603e-05
2026-04-04,peak week inc flu hosp,NA,NA,17,pmf,2025-11-22,9.973349062194603e-05
2026-04-04,peak week inc flu hosp,NA,NA,17,pmf,2025-11-29,9.973349062194603e-05
2026-04-04,peak week inc flu hosp,NA,NA,17,pmf,2025-12-06,9.973349062194603e-05
2026-04-04,peak week inc flu hosp,NA,NA,17,pmf,2025-12-13,9.973349062194603e-05
2026-04-04,peak week inc flu hosp,NA,NA,17,pmf,2025-12-20,9.973349062194603e-05
2026-04-04,peak week inc flu hosp,NA,NA,17,pmf,2025-12-27,9.973349062194603e-05
2026-04-04,peak week inc flu hosp,NA,NA,17,pmf,2026-01-03,0.972284357827983
2026-04-04,peak week inc flu hosp,NA,NA,17,pmf,2026-01-10,9.973349062194603e-05
2026-04-04,peak week inc flu hosp,NA,NA,17,pmf,2026-01-17,9.973349062194603e-05
2026-04-04,peak week inc flu hosp,NA,NA,17,pmf,2026-01-24,0.004983689517773516
2026-04-04,peak week inc flu hosp,NA,NA,17,pmf,2026-01-31,0.004984070415492702
2026-04-04,peak week inc flu hosp,NA,NA,17,pmf,2026-02-07,0.004983818905525139
2026-04-04,peak week inc flu hosp,NA,NA,17,pmf,2026-02-14,9.973349062194603e-05
2026-04-04,peak week inc flu hosp,NA,NA,17,pmf,2026-02-21,0.004985995936246548
2026-04-04,peak week inc flu hosp,NA,NA,17,pmf,2026-02-28,0.004985529659564855
2026-04-04,peak week inc flu hosp,NA,NA,17,pmf,2026-03-07,9.973349062194603e-05
2026-04-04,peak week inc flu hosp,NA,NA,17,pmf,2026-03-14,9.973349062194603e-05
2026-04-04,peak week inc flu hosp,NA,NA,17,pmf,2026-03-21,9.973349062194603e-05
2026-04-04,peak week inc flu hosp,NA,NA,17,pmf,2026-03-28,9.973349062194603e-05
2026-04-04,peak week inc flu hosp,NA,NA,17,pmf,2026-04-04,9.973349062194603e-05
2026-04-04,peak week inc flu hosp,NA,NA,17,pmf,2026-04-11,9.973349062194603e-05
2026-04-04,peak week inc flu hosp,NA,NA,17,pmf,2026-04-18,9.973349062194603e-05
2026-04-04,peak week inc flu hosp,NA,NA,17,pmf,2026-04-25,9.973349062194603e-05
2026-04-04,peak week inc flu hosp,NA,NA,17,pmf,2026-05-02,9.973349062194603e-05
2026-04-04,peak week inc flu hosp,NA,NA,17,pmf,2026-05-09,9.973349062194603e-05
2026-04-04,peak week inc flu hosp,NA,NA,17,pmf,2026-05-16,9.973349062194603e-05
2026-04-04,peak week inc flu hosp,NA,NA,17,pmf,2026-05-23,9.973349062194603e-05
2026-04-04,peak week inc flu hosp,NA,NA,18,pmf,2025-10-04,9.97150592136098e-05
2026-04-04,peak week inc flu hosp,NA,NA,18,pmf,2025-10-11,9.97150592136098e-05
2026-04-04,peak week inc flu hosp,NA,NA,18,pmf,2025-10-18,9.97150592136098e-05
2026-04-04,peak week inc flu hosp,NA,NA,18,pmf,2025-10-25,9.97150592136098e-05
2026-04-04,peak week inc flu hosp,NA,NA,18,pmf,2025-11-01,9.97150592136098e-05
2026-04-04,peak week inc flu hosp,NA,NA,18,pmf,2025-11-08,9.97150592136098e-05
2026-04-04,peak week inc flu hosp,NA,NA,18,pmf,2025-11-15,9.97150592136098e-05
2026-04-04,peak week inc flu hosp,NA,NA,18,pmf,2025-11-22,9.97150592136098e-05
2026-04-04,peak week inc flu hosp,NA,NA,18,pmf,2025-11-29,9.97150592136098e-05
2026-04-04,peak week inc flu hosp,NA,NA,18,pmf,2025-12-06,9.97150592136098e-05
2026-04-04,peak week inc flu hosp,NA,NA,18,pmf,2025-12-13,9.97150592136098e-05
2026-04-04,peak week inc flu hosp,NA,NA,18,pmf,2025-12-20,9.97150592136098e-05
2026-04-04,peak week inc flu hosp,NA,NA,18,pmf,2025-12-27,9.97150592136098e-05
2026-04-04,peak week inc flu hosp,NA,NA,18,pmf,2026-01-03,0.9820552619785733
2026-04-04,peak week inc flu hosp,NA,NA,18,pmf,2026-01-10,9.97150592136098e-05
2026-04-04,peak week inc flu hosp,NA,NA,18,pmf,2026-01-17,9.97150592136098e-05
2026-04-04,peak week inc flu hosp,NA,NA,18,pmf,2026-01-24,9.97150592136098e-05
2026-04-04,peak week inc flu hosp,NA,NA,18,pmf,2026-01-31,0.004985088519044768
2026-04-04,peak week inc flu hosp,NA,NA,18,pmf,2026-02-07,0.004983116629759702
2026-04-04,peak week inc flu hosp,NA,NA,18,pmf,2026-02-14,0.004985081096213954
2026-04-04,peak week inc flu hosp,NA,NA,18,pmf,2026-02-21,9.97150592136098e-05
2026-04-04,peak week inc flu hosp,NA,NA,18,pmf,2026-02-28,9.97150592136098e-05
2026-04-04,peak week inc flu hosp,NA,NA,18,pmf,2026-03-07,9.97150592136098e-05
2026-04-04,peak week inc flu hosp,NA,NA,18,pmf,2026-03-14,9.97150592136098e-05
2026-04-04,peak week inc flu hosp,NA,NA,18,pmf,2026-03-21,9.97150592136098e-05
2026-04-04,peak week inc flu hosp,NA,NA,18,pmf,2026-03-28,9.97150592136098e-05
2026-04-04,peak week inc flu hosp,NA,NA,18,pmf,2026-04-04,9.97150592136098e-05
2026-04-04,peak week inc flu hosp,NA,NA,18,pmf,2026-04-11,9.97150592136098e-05
2026-04-04,peak week inc flu hosp,NA,NA,18,pmf,2026-04-18,9.97150592136098e-05
2026-04-04,peak week inc flu hosp,NA,NA,18,pmf,2026-04-25,9.97150592136098e-05
2026-04-04,peak week inc flu hosp,NA,NA,18,pmf,2026-05-02,9.97150592136098e-05
2026-04-04,peak week inc flu hosp,NA,NA,18,pmf,2026-05-09,9.97150592136098e-05
2026-04-04,peak week inc flu hosp,NA,NA,18,pmf,2026-05-16,9.97150592136098e-05
2026-04-04,peak week inc flu hosp,NA,NA,18,pmf,2026-05-23,9.97150592136098e-05
2026-04-04,peak week inc flu hosp,NA,NA,19,pmf,2025-10-04,9.973748147149128e-05
2026-04-04,peak week inc flu hosp,NA,NA,19,pmf,2025-10-11,9.973748147149128e-05
2026-04-04,peak week inc flu hosp,NA,NA,19,pmf,2025-10-18,9.973748147149128e-05
2026-04-04,peak week inc flu hosp,NA,NA,19,pmf,2025-10-25,9.973748147149128e-05
2026-04-04,peak week inc flu hosp,NA,NA,19,pmf,2025-11-01,9.973748147149128e-05
2026-04-04,peak week inc flu hosp,NA,NA,19,pmf,2025-11-08,9.973748147149128e-05
2026-04-04,peak week inc flu hosp,NA,NA,19,pmf,2025-11-15,9.973748147149128e-05
2026-04-04,peak week inc flu hosp,NA,NA,19,pmf,2025-11-22,9.973748147149128e-05
2026-04-04,peak week inc flu hosp,NA,NA,19,pmf,2025-11-29,9.973748147149128e-05
2026-04-04,peak week inc flu hosp,NA,NA,19,pmf,2025-12-06,9.973748147149128e-05
2026-04-04,peak week inc flu hosp,NA,NA,19,pmf,2025-12-13,9.973748147149128e-05
2026-04-04,peak week inc flu hosp,NA,NA,19,pmf,2025-12-20,9.973748147149128e-05
2026-04-04,peak week inc flu hosp,NA,NA,19,pmf,2025-12-27,9.973748147149128e-05
2026-04-04,peak week inc flu hosp,NA,NA,19,pmf,2026-01-03,0.9473485157569456
2026-04-04,peak week inc flu hosp,NA,NA,19,pmf,2026-01-10,9.973748147149128e-05
2026-04-04,peak week inc flu hosp,NA,NA,19,pmf,2026-01-17,9.973748147149128e-05
2026-04-04,peak week inc flu hosp,NA,NA,19,pmf,2026-01-24,0.004986208458524887
2026-04-04,peak week inc flu hosp,NA,NA,19,pmf,2026-01-31,0.009972179547413444
2026-04-04,peak week inc flu hosp,NA,NA,19,pmf,2026-02-07,0.01495851557090459
2026-04-04,peak week inc flu hosp,NA,NA,19,pmf,2026-02-14,0.014958487646968789
2026-04-04,peak week inc flu hosp,NA,NA,19,pmf,2026-02-21,9.973748147149128e-05
2026-04-04,peak week inc flu hosp,NA,NA,19,pmf,2026-02-28,9.973748147149128e-05
2026-04-04,peak week inc flu hosp,NA,NA,19,pmf,2026-03-07,9.973748147149128e-05
2026-04-04,peak week inc flu hosp,NA,NA,19,pmf,2026-03-14,0.004983443538041213
2026-04-04,peak week inc flu hosp,NA,NA,19,pmf,2026-03-21,9.973748147149128e-05
2026-04-04,peak week inc flu hosp,NA,NA,19,pmf,2026-03-28,9.973748147149128e-05
2026-04-04,peak week inc flu hosp,NA,NA,19,pmf,2026-04-04,9.973748147149128e-05
2026-04-04,peak week inc flu hosp,NA,NA,19,pmf,2026-04-11,9.973748147149128e-05
2026-04-04,peak week inc flu hosp,NA,NA,19,pmf,2026-04-18,9.973748147149128e-05
2026-04-04,peak week inc flu hosp,NA,NA,19,pmf,2026-04-25,9.973748147149128e-05
2026-04-04,peak week inc flu hosp,NA,NA,19,pmf,2026-05-02,9.973748147149128e-05
2026-04-04,peak week inc flu hosp,NA,NA,19,pmf,2026-05-09,9.973748147149128e-05
2026-04-04,peak week inc flu hosp,NA,NA,19,pmf,2026-05-16,9.973748147149128e-05
2026-04-04,peak week inc flu hosp,NA,NA,19,pmf,2026-05-23,9.973748147149128e-05
2026-04-04,peak week inc flu hosp,NA,NA,20,pmf,2025-10-04,9.971369647627696e-05
2026-04-04,peak week inc flu hosp,NA,NA,20,pmf,2025-10-11,9.971369647627696e-05
2026-04-04,peak week inc flu hosp,NA,NA,20,pmf,2025-10-18,9.971369647627696e-05
2026-04-04,peak week inc flu hosp,NA,NA,20,pmf,2025-10-25,9.971369647627696e-05
2026-04-04,peak week inc flu hosp,NA,NA,20,pmf,2025-11-01,9.971369647627696e-05
2026-04-04,peak week inc flu hosp,NA,NA,20,pmf,2025-11-08,9.971369647627696e-05
2026-04-04,peak week inc flu hosp,NA,NA,20,pmf,2025-11-15,9.971369647627696e-05
2026-04-04,peak week inc flu hosp,NA,NA,20,pmf,2025-11-22,9.971369647627696e-05
2026-04-04,peak week inc flu hosp,NA,NA,20,pmf,2025-11-29,9.971369647627696e-05
2026-04-04,peak week inc flu hosp,NA,NA,20,pmf,2025-12-06,9.971369647627696e-05
2026-04-04,peak week inc flu hosp,NA,NA,20,pmf,2025-12-13,9.971369647627696e-05
2026-04-04,peak week inc flu hosp,NA,NA,20,pmf,2025-12-20,9.971369647627696e-05
2026-04-04,peak week inc flu hosp,NA,NA,20,pmf,2025-12-27,9.971369647627696e-05
2026-04-04,peak week inc flu hosp,NA,NA,20,pmf,2026-01-03,0.9770684804655373
2026-04-04,peak week inc flu hosp,NA,NA,20,pmf,2026-01-10,9.971369647627696e-05
2026-04-04,peak week inc flu hosp,NA,NA,20,pmf,2026-01-17,9.971369647627696e-05
2026-04-04,peak week inc flu hosp,NA,NA,20,pmf,2026-01-24,0.004985138935628639
2026-04-04,peak week inc flu hosp,NA,NA,20,pmf,2026-01-31,9.971369647627696e-05
2026-04-04,peak week inc flu hosp,NA,NA,20,pmf,2026-02-07,0.0099699544661897
2026-04-04,peak week inc flu hosp,NA,NA,20,pmf,2026-02-14,9.971369647627696e-05
2026-04-04,peak week inc flu hosp,NA,NA,20,pmf,2026-02-21,0.004985015238356178
2026-04-04,peak week inc flu hosp,NA,NA,20,pmf,2026-02-28,9.971369647627696e-05
2026-04-04,peak week inc flu hosp,NA,NA,20,pmf,2026-03-07,9.971369647627696e-05
2026-04-04,peak week inc flu hosp,NA,NA,20,pmf,2026-03-14,9.971369647627696e-05
2026-04-04,peak week inc flu hosp,NA,NA,20,pmf,2026-03-21,9.971369647627696e-05
2026-04-04,peak week inc flu hosp,NA,NA,20,pmf,2026-03-28,9.971369647627696e-05
2026-04-04,peak week inc flu hosp,NA,NA,20,pmf,2026-04-04,9.971369647627696e-05
2026-04-04,peak week inc flu hosp,NA,NA,20,pmf,2026-04-11,9.971369647627696e-05
2026-04-04,peak week inc flu hosp,NA,NA,20,pmf,2026-04-18,9.971369647627696e-05
2026-04-04,peak week inc flu hosp,NA,NA,20,pmf,2026-04-25,9.971369647627696e-05
2026-04-04,peak week inc flu hosp,NA,NA,20,pmf,2026-05-02,9.971369647627696e-05
2026-04-04,peak week inc flu hosp,NA,NA,20,pmf,2026-05-09,9.971369647627696e-05
2026-04-04,peak week inc flu hosp,NA,NA,20,pmf,2026-05-16,9.971369647627696e-05
2026-04-04,peak week inc flu hosp,NA,NA,20,pmf,2026-05-23,9.971369647627696e-05
2026-04-04,peak week inc flu hosp,NA,NA,21,pmf,2025-10-04,9.969721352253183e-05
2026-04-04,peak week inc flu hosp,NA,NA,21,pmf,2025-10-11,9.969721352253183e-05
2026-04-04,peak week inc flu hosp,NA,NA,21,pmf,2025-10-18,9.969721352253183e-05
2026-04-04,peak week inc flu hosp,NA,NA,21,pmf,2025-10-25,9.969721352253183e-05
2026-04-04,peak week inc flu hosp,NA,NA,21,pmf,2025-11-01,9.969721352253183e-05
2026-04-04,peak week inc flu hosp,NA,NA,21,pmf,2025-11-08,9.969721352253183e-05
2026-04-04,peak week inc flu hosp,NA,NA,21,pmf,2025-11-15,9.969721352253183e-05
2026-04-04,peak week inc flu hosp,NA,NA,21,pmf,2025-11-22,9.969721352253183e-05
2026-04-04,peak week inc flu hosp,NA,NA,21,pmf,2025-11-29,9.969721352253183e-05
2026-04-04,peak week inc flu hosp,NA,NA,21,pmf,2025-12-06,9.969721352253183e-05
2026-04-04,peak week inc flu hosp,NA,NA,21,pmf,2025-12-13,9.969721352253183e-05
2026-04-04,peak week inc flu hosp,NA,NA,21,pmf,2025-12-20,9.969721352253183e-05
2026-04-04,peak week inc flu hosp,NA,NA,21,pmf,2025-12-27,9.969721352253183e-05
2026-04-04,peak week inc flu hosp,NA,NA,21,pmf,2026-01-03,0.991827646401658
2026-04-04,peak week inc flu hosp,NA,NA,21,pmf,2026-01-10,9.969721352253183e-05
2026-04-04,peak week inc flu hosp,NA,NA,21,pmf,2026-01-17,9.969721352253183e-05
2026-04-04,peak week inc flu hosp,NA,NA,21,pmf,2026-01-24,9.969721352253183e-05
2026-04-04,peak week inc flu hosp,NA,NA,21,pmf,2026-01-31,9.969721352253183e-05
2026-04-04,peak week inc flu hosp,NA,NA,21,pmf,2026-02-07,9.969721352253183e-05
2026-04-04,peak week inc flu hosp,NA,NA,21,pmf,2026-02-14,9.969721352253183e-05
2026-04-04,peak week inc flu hosp,NA,NA,21,pmf,2026-02-21,9.969721352253183e-05
2026-04-04,peak week inc flu hosp,NA,NA,21,pmf,2026-02-28,9.969721352253183e-05
2026-04-04,peak week inc flu hosp,NA,NA,21,pmf,2026-03-07,0.0049820427656210794
2026-04-04,peak week inc flu hosp,NA,NA,21,pmf,2026-03-14,9.969721352253183e-05
2026-04-04,peak week inc flu hosp,NA,NA,21,pmf,2026-03-21,9.969721352253183e-05
2026-04-04,peak week inc flu hosp,NA,NA,21,pmf,2026-03-28,9.969721352253183e-05
2026-04-04,peak week inc flu hosp,NA,NA,21,pmf,2026-04-04,9.969721352253183e-05
2026-04-04,peak week inc flu hosp,NA,NA,21,pmf,2026-04-11,9.969721352253183e-05
2026-04-04,peak week inc flu hosp,NA,NA,21,pmf,2026-04-18,9.969721352253183e-05
2026-04-04,peak week inc flu hosp,NA,NA,21,pmf,2026-04-25,9.969721352253183e-05
2026-04-04,peak week inc flu hosp,NA,NA,21,pmf,2026-05-02,9.969721352253183e-05
2026-04-04,peak week inc flu hosp,NA,NA,21,pmf,2026-05-09,9.969721352253183e-05
2026-04-04,peak week inc flu hosp,NA,NA,21,pmf,2026-05-16,9.969721352253183e-05
2026-04-04,peak week inc flu hosp,NA,NA,21,pmf,2026-05-23,9.969721352253183e-05
2026-04-04,peak week inc flu hosp,NA,NA,22,pmf,2025-10-04,9.973396492136662e-05
2026-04-04,peak week inc flu hosp,NA,NA,22,pmf,2025-10-11,9.973396492136662e-05
2026-04-04,peak week inc flu hosp,NA,NA,22,pmf,2025-10-18,9.973396492136662e-05
2026-04-04,peak week inc flu hosp,NA,NA,22,pmf,2025-10-25,9.973396492136662e-05
2026-04-04,peak week inc flu hosp,NA,NA,22,pmf,2025-11-01,9.973396492136662e-05
2026-04-04,peak week inc flu hosp,NA,NA,22,pmf,2025-11-08,9.973396492136662e-05
2026-04-04,peak week inc flu hosp,NA,NA,22,pmf,2025-11-15,9.973396492136662e-05
2026-04-04,peak week inc flu hosp,NA,NA,22,pmf,2025-11-22,9.973396492136662e-05
2026-04-04,peak week inc flu hosp,NA,NA,22,pmf,2025-11-29,9.973396492136662e-05
2026-04-04,peak week inc flu hosp,NA,NA,22,pmf,2025-12-06,9.973396492136662e-05
2026-04-04,peak week inc flu hosp,NA,NA,22,pmf,2025-12-13,9.973396492136662e-05
2026-04-04,peak week inc flu hosp,NA,NA,22,pmf,2025-12-20,9.973396492136662e-05
2026-04-04,peak week inc flu hosp,NA,NA,22,pmf,2025-12-27,0.9573238891556547
2026-04-04,peak week inc flu hosp,NA,NA,22,pmf,2026-01-03,9.973396492136662e-05
2026-04-04,peak week inc flu hosp,NA,NA,22,pmf,2026-01-10,9.973396492136662e-05
2026-04-04,peak week inc flu hosp,NA,NA,22,pmf,2026-01-17,9.973396492136662e-05
2026-04-04,peak week inc flu hosp,NA,NA,22,pmf,2026-01-24,0.004986128361179227
2026-04-04,peak week inc flu hosp,NA,NA,22,pmf,2026-01-31,9.973396492136662e-05
2026-04-04,peak week inc flu hosp,NA,NA,22,pmf,2026-02-07,0.004986063021119556
2026-04-04,peak week inc flu hosp,NA,NA,22,pmf,2026-02-14,0.019943232579278356
2026-04-04,peak week inc flu hosp,NA,NA,22,pmf,2026-02-21,0.004982109177867704
2026-04-04,peak week inc flu hosp,NA,NA,22,pmf,2026-02-28,0.004986026687102217
2026-04-04,peak week inc flu hosp,NA,NA,22,pmf,2026-03-07,9.973396492136662e-05
2026-04-04,peak week inc flu hosp,NA,NA,22,pmf,2026-03-14,9.973396492136662e-05
2026-04-04,peak week inc flu hosp,NA,NA,22,pmf,2026-03-21,9.973396492136662e-05
2026-04-04,peak week inc flu hosp,NA,NA,22,pmf,2026-03-28,9.973396492136662e-05
2026-04-04,peak week inc flu hosp,NA,NA,22,pmf,2026-04-04,9.973396492136662e-05
2026-04-04,peak week inc flu hosp,NA,NA,22,pmf,2026-04-11,9.973396492136662e-05
2026-04-04,peak week inc flu hosp,NA,NA,22,pmf,2026-04-18,9.973396492136662e-05
2026-04-04,peak week inc flu hosp,NA,NA,22,pmf,2026-04-25,9.973396492136662e-05
2026-04-04,peak week inc flu hosp,NA,NA,22,pmf,2026-05-02,9.973396492136662e-05
2026-04-04,peak week inc flu hosp,NA,NA,22,pmf,2026-05-09,9.973396492136662e-05
2026-04-04,peak week inc flu hosp,NA,NA,22,pmf,2026-05-16,9.973396492136662e-05
2026-04-04,peak week inc flu hosp,NA,NA,22,pmf,2026-05-23,9.973396492136662e-05
2026-04-04,peak week inc flu hosp,NA,NA,23,pmf,2025-10-04,9.968339643567502e-05
2026-04-04,peak week inc flu hosp,NA,NA,23,pmf,2025-10-11,9.968339643567502e-05
2026-04-04,peak week inc flu hosp,NA,NA,23,pmf,2025-10-18,9.968339643567502e-05
2026-04-04,peak week inc flu hosp,NA,NA,23,pmf,2025-10-25,9.968339643567502e-05
2026-04-04,peak week inc flu hosp,NA,NA,23,pmf,2025-11-01,9.968339643567502e-05
2026-04-04,peak week inc flu hosp,NA,NA,23,pmf,2025-11-08,9.968339643567502e-05
2026-04-04,peak week inc flu hosp,NA,NA,23,pmf,2025-11-15,9.968339643567502e-05
2026-04-04,peak week inc flu hosp,NA,NA,23,pmf,2025-11-22,9.968339643567502e-05
2026-04-04,peak week inc flu hosp,NA,NA,23,pmf,2025-11-29,9.968339643567502e-05
2026-04-04,peak week inc flu hosp,NA,NA,23,pmf,2025-12-06,9.968339643567502e-05
2026-04-04,peak week inc flu hosp,NA,NA,23,pmf,2025-12-13,9.968339643567502e-05
2026-04-04,peak week inc flu hosp,NA,NA,23,pmf,2025-12-20,9.968339643567502e-05
2026-04-04,peak week inc flu hosp,NA,NA,23,pmf,2025-12-27,9.968339643567502e-05
2026-04-04,peak week inc flu hosp,NA,NA,23,pmf,2026-01-03,0.9967104479176228
2026-04-04,peak week inc flu hosp,NA,NA,23,pmf,2026-01-10,9.968339643567502e-05
2026-04-04,peak week inc flu hosp,NA,NA,23,pmf,2026-01-17,9.968339643567502e-05
2026-04-04,peak week inc flu hosp,NA,NA,23,pmf,2026-01-24,9.968339643567502e-05
2026-04-04,peak week inc flu hosp,NA,NA,23,pmf,2026-01-31,9.968339643567502e-05
2026-04-04,peak week inc flu hosp,NA,NA,23,pmf,2026-02-07,9.968339643567502e-05
2026-04-04,peak week inc flu hosp,NA,NA,23,pmf,2026-02-14,9.968339643567502e-05
2026-04-04,peak week inc flu hosp,NA,NA,23,pmf,2026-02-21,9.968339643567502e-05
2026-04-04,peak week inc flu hosp,NA,NA,23,pmf,2026-02-28,9.968339643567502e-05
2026-04-04,peak week inc flu hosp,NA,NA,23,pmf,2026-03-07,9.968339643567502e-05
2026-04-04,peak week inc flu hosp,NA,NA,23,pmf,2026-03-14,9.968339643567502e-05
2026-04-04,peak week inc flu hosp,NA,NA,23,pmf,2026-03-21,9.968339643567502e-05
2026-04-04,peak week inc flu hosp,NA,NA,23,pmf,2026-03-28,9.968339643567502e-05
2026-04-04,peak week inc flu hosp,NA,NA,23,pmf,2026-04-04,9.968339643567502e-05
2026-04-04,peak week inc flu hosp,NA,NA,23,pmf,2026-04-11,9.968339643567502e-05
2026-04-04,peak week inc flu hosp,NA,NA,23,pmf,2026-04-18,9.968339643567502e-05
2026-04-04,peak week inc flu hosp,NA,NA,23,pmf,2026-04-25,9.968339643567502e-05
2026-04-04,peak week inc flu hosp,NA,NA,23,pmf,2026-05-02,9.968339643567502e-05
2026-04-04,peak week inc flu hosp,NA,NA,23,pmf,2026-05-09,9.968339643567502e-05
2026-04-04,peak week inc flu hosp,NA,NA,23,pmf,2026-05-16,9.968339643567502e-05
2026-04-04,peak week inc flu hosp,NA,NA,23,pmf,2026-05-23,9.968339643567502e-05
2026-04-04,peak week inc flu hosp,NA,NA,24,pmf,2025-10-04,9.969625751906773e-05
2026-04-04,peak week inc flu hosp,NA,NA,24,pmf,2025-10-11,9.969625751906773e-05
2026-04-04,peak week inc flu hosp,NA,NA,24,pmf,2025-10-18,9.969625751906773e-05
2026-04-04,peak week inc flu hosp,NA,NA,24,pmf,2025-10-25,9.969625751906773e-05
2026-04-04,peak week inc flu hosp,NA,NA,24,pmf,2025-11-01,9.969625751906773e-05
2026-04-04,peak week inc flu hosp,NA,NA,24,pmf,2025-11-08,9.969625751906773e-05
2026-04-04,peak week inc flu hosp,NA,NA,24,pmf,2025-11-15,9.969625751906773e-05
2026-04-04,peak week inc flu hosp,NA,NA,24,pmf,2025-11-22,9.969625751906773e-05
2026-04-04,peak week inc flu hosp,NA,NA,24,pmf,2025-11-29,9.969625751906773e-05
2026-04-04,peak week inc flu hosp,NA,NA,24,pmf,2025-12-06,9.969625751906773e-05
2026-04-04,peak week inc flu hosp,NA,NA,24,pmf,2025-12-13,9.969625751906773e-05
2026-04-04,peak week inc flu hosp,NA,NA,24,pmf,2025-12-20,9.969625751906773e-05
2026-04-04,peak week inc flu hosp,NA,NA,24,pmf,2025-12-27,9.969625751906773e-05
2026-04-04,peak week inc flu hosp,NA,NA,24,pmf,2026-01-03,0.9918262928274402
2026-04-04,peak week inc flu hosp,NA,NA,24,pmf,2026-01-10,9.969625751906773e-05
2026-04-04,peak week inc flu hosp,NA,NA,24,pmf,2026-01-17,9.969625751906773e-05
2026-04-04,peak week inc flu hosp,NA,NA,24,pmf,2026-01-24,9.969625751906773e-05
2026-04-04,peak week inc flu hosp,NA,NA,24,pmf,2026-01-31,9.969625751906773e-05
2026-04-04,peak week inc flu hosp,NA,NA,24,pmf,2026-02-07,9.969625751906773e-05
2026-04-04,peak week inc flu hosp,NA,NA,24,pmf,2026-02-14,9.969625751906773e-05
2026-04-04,peak week inc flu hosp,NA,NA,24,pmf,2026-02-21,9.969625751906773e-05
2026-04-04,peak week inc flu hosp,NA,NA,24,pmf,2026-02-28,0.004983426931949771
2026-04-04,peak week inc flu hosp,NA,NA,24,pmf,2026-03-07,9.969625751906773e-05
2026-04-04,peak week inc flu hosp,NA,NA,24,pmf,2026-03-14,9.969625751906773e-05
2026-04-04,peak week inc flu hosp,NA,NA,24,pmf,2026-03-21,9.969625751906773e-05
2026-04-04,peak week inc flu hosp,NA,NA,24,pmf,2026-03-28,9.969625751906773e-05
2026-04-04,peak week inc flu hosp,NA,NA,24,pmf,2026-04-04,9.969625751906773e-05
2026-04-04,peak week inc flu hosp,NA,NA,24,pmf,2026-04-11,9.969625751906773e-05
2026-04-04,peak week inc flu hosp,NA,NA,24,pmf,2026-04-18,9.969625751906773e-05
2026-04-04,peak week inc flu hosp,NA,NA,24,pmf,2026-04-25,9.969625751906773e-05
2026-04-04,peak week inc flu hosp,NA,NA,24,pmf,2026-05-02,9.969625751906773e-05
2026-04-04,peak week inc flu hosp,NA,NA,24,pmf,2026-05-09,9.969625751906773e-05
2026-04-04,peak week inc flu hosp,NA,NA,24,pmf,2026-05-16,9.969625751906773e-05
2026-04-04,peak week inc flu hosp,NA,NA,24,pmf,2026-05-23,9.969625751906773e-05
2026-04-04,peak week inc flu hosp,NA,NA,25,pmf,2025-10-04,9.968645665692487e-05
2026-04-04,peak week inc flu hosp,NA,NA,25,pmf,2025-10-11,9.968645665692487e-05
2026-04-04,peak week inc flu hosp,NA,NA,25,pmf,2025-10-18,9.968645665692487e-05
2026-04-04,peak week inc flu hosp,NA,NA,25,pmf,2025-10-25,9.968645665692487e-05
2026-04-04,peak week inc flu hosp,NA,NA,25,pmf,2025-11-01,9.968645665692487e-05
2026-04-04,peak week inc flu hosp,NA,NA,25,pmf,2025-11-08,9.968645665692487e-05
2026-04-04,peak week inc flu hosp,NA,NA,25,pmf,2025-11-15,9.968645665692487e-05
2026-04-04,peak week inc flu hosp,NA,NA,25,pmf,2025-11-22,9.968645665692487e-05
2026-04-04,peak week inc flu hosp,NA,NA,25,pmf,2025-11-29,9.968645665692487e-05
2026-04-04,peak week inc flu hosp,NA,NA,25,pmf,2025-12-06,9.968645665692487e-05
2026-04-04,peak week inc flu hosp,NA,NA,25,pmf,2025-12-13,9.968645665692487e-05
2026-04-04,peak week inc flu hosp,NA,NA,25,pmf,2025-12-20,9.968645665692487e-05
2026-04-04,peak week inc flu hosp,NA,NA,25,pmf,2025-12-27,9.968645665692487e-05
2026-04-04,peak week inc flu hosp,NA,NA,25,pmf,2026-01-03,0.9967103469303215
2026-04-04,peak week inc flu hosp,NA,NA,25,pmf,2026-01-10,9.968645665692487e-05
2026-04-04,peak week inc flu hosp,NA,NA,25,pmf,2026-01-17,9.968645665692487e-05
2026-04-04,peak week inc flu hosp,NA,NA,25,pmf,2026-01-24,9.968645665692487e-05
2026-04-04,peak week inc flu hosp,NA,NA,25,pmf,2026-01-31,9.968645665692487e-05
2026-04-04,peak week inc flu hosp,NA,NA,25,pmf,2026-02-07,9.968645665692487e-05
2026-04-04,peak week inc flu hosp,NA,NA,25,pmf,2026-02-14,9.968645665692487e-05
2026-04-04,peak week inc flu hosp,NA,NA,25,pmf,2026-02-21,9.968645665692487e-05
2026-04-04,peak week inc flu hosp,NA,NA,25,pmf,2026-02-28,9.968645665692487e-05
2026-04-04,peak week inc flu hosp,NA,NA,25,pmf,2026-03-07,9.968645665692487e-05
2026-04-04,peak week inc flu hosp,NA,NA,25,pmf,2026-03-14,9.968645665692487e-05
2026-04-04,peak week inc flu hosp,NA,NA,25,pmf,2026-03-21,9.968645665692487e-05
2026-04-04,peak week inc flu hosp,NA,NA,25,pmf,2026-03-28,9.968645665692487e-05
2026-04-04,peak week inc flu hosp,NA,NA,25,pmf,2026-04-04,9.968645665692487e-05
2026-04-04,peak week inc flu hosp,NA,NA,25,pmf,2026-04-11,9.968645665692487e-05
2026-04-04,peak week inc flu hosp,NA,NA,25,pmf,2026-04-18,9.968645665692487e-05
2026-04-04,peak week inc flu hosp,NA,NA,25,pmf,2026-04-25,9.968645665692487e-05
2026-04-04,peak week inc flu hosp,NA,NA,25,pmf,2026-05-02,9.968645665692487e-05
2026-04-04,peak week inc flu hosp,NA,NA,25,pmf,2026-05-09,9.968645665692487e-05
2026-04-04,peak week inc flu hosp,NA,NA,25,pmf,2026-05-16,9.968645665692487e-05
2026-04-04,peak week inc flu hosp,NA,NA,25,pmf,2026-05-23,9.968645665692487e-05
2026-04-04,peak week inc flu hosp,NA,NA,26,pmf,2025-10-04,9.970505727921827e-05
2026-04-04,peak week inc flu hosp,NA,NA,26,pmf,2025-10-11,9.970505727921827e-05
2026-04-04,peak week inc flu hosp,NA,NA,26,pmf,2025-10-18,9.970505727921827e-05
2026-04-04,peak week inc flu hosp,NA,NA,26,pmf,2025-10-25,9.970505727921827e-05
2026-04-04,peak week inc flu hosp,NA,NA,26,pmf,2025-11-01,9.970505727921827e-05
2026-04-04,peak week inc flu hosp,NA,NA,26,pmf,2025-11-08,9.970505727921827e-05
2026-04-04,peak week inc flu hosp,NA,NA,26,pmf,2025-11-15,9.970505727921827e-05
2026-04-04,peak week inc flu hosp,NA,NA,26,pmf,2025-11-22,9.970505727921827e-05
2026-04-04,peak week inc flu hosp,NA,NA,26,pmf,2025-11-29,9.970505727921827e-05
2026-04-04,peak week inc flu hosp,NA,NA,26,pmf,2025-12-06,9.970505727921827e-05
2026-04-04,peak week inc flu hosp,NA,NA,26,pmf,2025-12-13,9.970505727921827e-05
2026-04-04,peak week inc flu hosp,NA,NA,26,pmf,2025-12-20,9.970505727921827e-05
2026-04-04,peak week inc flu hosp,NA,NA,26,pmf,2025-12-27,9.970505727921827e-05
2026-04-04,peak week inc flu hosp,NA,NA,26,pmf,2026-01-03,0.9869450599288242
2026-04-04,peak week inc flu hosp,NA,NA,26,pmf,2026-01-10,9.970505727921827e-05
2026-04-04,peak week inc flu hosp,NA,NA,26,pmf,2026-01-17,9.970505727921827e-05
2026-04-04,peak week inc flu hosp,NA,NA,26,pmf,2026-01-24,9.970505727921827e-05
2026-04-04,peak week inc flu hosp,NA,NA,26,pmf,2026-01-31,0.004983123544171965
2026-04-04,peak week inc flu hosp,NA,NA,26,pmf,2026-02-07,9.970505727921827e-05
2026-04-04,peak week inc flu hosp,NA,NA,26,pmf,2026-02-14,0.004980959751348233
2026-04-04,peak week inc flu hosp,NA,NA,26,pmf,2026-02-21,9.970505727921827e-05
2026-04-04,peak week inc flu hosp,NA,NA,26,pmf,2026-02-28,9.970505727921827e-05
2026-04-04,peak week inc flu hosp,NA,NA,26,pmf,2026-03-07,9.970505727921827e-05
2026-04-04,peak week inc flu hosp,NA,NA,26,pmf,2026-03-14,9.970505727921827e-05
2026-04-04,peak week inc flu hosp,NA,NA,26,pmf,2026-03-21,9.970505727921827e-05
2026-04-04,peak week inc flu hosp,NA,NA,26,pmf,2026-03-28,9.970505727921827e-05
2026-04-04,peak week inc flu hosp,NA,NA,26,pmf,2026-04-04,9.970505727921827e-05
2026-04-04,peak week inc flu hosp,NA,NA,26,pmf,2026-04-11,9.970505727921827e-05
2026-04-04,peak week inc flu hosp,NA,NA,26,pmf,2026-04-18,9.970505727921827e-05
2026-04-04,peak week inc flu hosp,NA,NA,26,pmf,2026-04-25,9.970505727921827e-05
2026-04-04,peak week inc flu hosp,NA,NA,26,pmf,2026-05-02,9.970505727921827e-05
2026-04-04,peak week inc flu hosp,NA,NA,26,pmf,2026-05-09,9.970505727921827e-05
2026-04-04,peak week inc flu hosp,NA,NA,26,pmf,2026-05-16,9.970505727921827e-05
2026-04-04,peak week inc flu hosp,NA,NA,26,pmf,2026-05-23,9.970505727921827e-05
2026-04-04,peak week inc flu hosp,NA,NA,27,pmf,2025-10-04,9.970395903908585e-05
2026-04-04,peak week inc flu hosp,NA,NA,27,pmf,2025-10-11,9.970395903908585e-05
2026-04-04,peak week inc flu hosp,NA,NA,27,pmf,2025-10-18,9.970395903908585e-05
2026-04-04,peak week inc flu hosp,NA,NA,27,pmf,2025-10-25,9.970395903908585e-05
2026-04-04,peak week inc flu hosp,NA,NA,27,pmf,2025-11-01,9.970395903908585e-05
2026-04-04,peak week inc flu hosp,NA,NA,27,pmf,2025-11-08,9.970395903908585e-05
2026-04-04,peak week inc flu hosp,NA,NA,27,pmf,2025-11-15,9.970395903908585e-05
2026-04-04,peak week inc flu hosp,NA,NA,27,pmf,2025-11-22,9.970395903908585e-05
2026-04-04,peak week inc flu hosp,NA,NA,27,pmf,2025-11-29,9.970395903908585e-05
2026-04-04,peak week inc flu hosp,NA,NA,27,pmf,2025-12-06,9.970395903908585e-05
2026-04-04,peak week inc flu hosp,NA,NA,27,pmf,2025-12-13,9.970395903908585e-05
2026-04-04,peak week inc flu hosp,NA,NA,27,pmf,2025-12-20,9.970395903908585e-05
2026-04-04,peak week inc flu hosp,NA,NA,27,pmf,2025-12-27,9.970395903908585e-05
2026-04-04,peak week inc flu hosp,NA,NA,27,pmf,2026-01-03,0.9869402583287024
2026-04-04,peak week inc flu hosp,NA,NA,27,pmf,2026-01-10,9.970395903908585e-05
2026-04-04,peak week inc flu hosp,NA,NA,27,pmf,2026-01-17,9.970395903908585e-05
2026-04-04,peak week inc flu hosp,NA,NA,27,pmf,2026-01-24,9.970395903908585e-05
2026-04-04,peak week inc flu hosp,NA,NA,27,pmf,2026-01-31,9.970395903908585e-05
2026-04-04,peak week inc flu hosp,NA,NA,27,pmf,2026-02-07,9.970395903908585e-05
2026-04-04,peak week inc flu hosp,NA,NA,27,pmf,2026-02-14,9.970395903908585e-05
2026-04-04,peak week inc flu hosp,NA,NA,27,pmf,2026-02-21,0.004984509825034303
2026-04-04,peak week inc flu hosp,NA,NA,27,pmf,2026-02-28,0.004984409116051764
2026-04-04,peak week inc flu hosp,NA,NA,27,pmf,2026-03-07,9.970395903908585e-05
2026-04-04,peak week inc flu hosp,NA,NA,27,pmf,2026-03-14,9.970395903908585e-05
2026-04-04,peak week inc flu hosp,NA,NA,27,pmf,2026-03-21,9.970395903908585e-05
2026-04-04,peak week inc flu hosp,NA,NA,27,pmf,2026-03-28,9.970395903908585e-05
2026-04-04,peak week inc flu hosp,NA,NA,27,pmf,2026-04-04,9.970395903908585e-05
2026-04-04,peak week inc flu hosp,NA,NA,27,pmf,2026-04-11,9.970395903908585e-05
2026-04-04,peak week inc flu hosp,NA,NA,27,pmf,2026-04-18,9.970395903908585e-05
2026-04-04,peak week inc flu hosp,NA,NA,27,pmf,2026-04-25,9.970395903908585e-05
2026-04-04,peak week inc flu hosp,NA,NA,27,pmf,2026-05-02,9.970395903908585e-05
2026-04-04,peak week inc flu hosp,NA,NA,27,pmf,2026-05-09,9.970395903908585e-05
2026-04-04,peak week inc flu hosp,NA,NA,27,pmf,2026-05-16,9.970395903908585e-05
2026-04-04,peak week inc flu hosp,NA,NA,27,pmf,2026-05-23,9.970395903908585e-05
2026-04-04,peak week inc flu hosp,NA,NA,28,pmf,2025-10-04,9.981604231152801e-05
2026-04-04,peak week inc flu hosp,NA,NA,28,pmf,2025-10-11,9.981604231152801e-05
2026-04-04,peak week inc flu hosp,NA,NA,28,pmf,2025-10-18,9.981604231152801e-05
2026-04-04,peak week inc flu hosp,NA,NA,28,pmf,2025-10-25,9.981604231152801e-05
2026-04-04,peak week inc flu hosp,NA,NA,28,pmf,2025-11-01,9.981604231152801e-05
2026-04-04,peak week inc flu hosp,NA,NA,28,pmf,2025-11-08,9.981604231152801e-05
2026-04-04,peak week inc flu hosp,NA,NA,28,pmf,2025-11-15,9.981604231152801e-05
2026-04-04,peak week inc flu hosp,NA,NA,28,pmf,2025-11-22,9.981604231152801e-05
2026-04-04,peak week inc flu hosp,NA,NA,28,pmf,2025-11-29,9.981604231152801e-05
2026-04-04,peak week inc flu hosp,NA,NA,28,pmf,2025-12-06,9.981604231152801e-05
2026-04-04,peak week inc flu hosp,NA,NA,28,pmf,2025-12-13,9.981604231152801e-05
2026-04-04,peak week inc flu hosp,NA,NA,28,pmf,2025-12-20,9.981604231152801e-05
2026-04-04,peak week inc flu hosp,NA,NA,28,pmf,2025-12-27,0.8021360863648646
2026-04-04,peak week inc flu hosp,NA,NA,28,pmf,2026-01-03,9.981604231152801e-05
2026-04-04,peak week inc flu hosp,NA,NA,28,pmf,2026-01-10,9.981604231152801e-05
2026-04-04,peak week inc flu hosp,NA,NA,28,pmf,2026-01-17,9.981604231152801e-05
2026-04-04,peak week inc flu hosp,NA,NA,28,pmf,2026-01-24,9.981604231152801e-05
2026-04-04,peak week inc flu hosp,NA,NA,28,pmf,2026-01-31,9.981604231152801e-05
2026-04-04,peak week inc flu hosp,NA,NA,28,pmf,2026-02-07,0.019956320837778086
2026-04-04,peak week inc flu hosp,NA,NA,28,pmf,2026-02-14,0.07483277808172265
2026-04-04,peak week inc flu hosp,NA,NA,28,pmf,2026-02-21,0.06485889741675974
2026-04-04,peak week inc flu hosp,NA,NA,28,pmf,2026-02-28,0.004987543058765888
2026-04-04,peak week inc flu hosp,NA,NA,28,pmf,2026-03-07,0.009976260849387492
2026-04-04,peak week inc flu hosp,NA,NA,28,pmf,2026-03-14,9.981604231152801e-05
2026-04-04,peak week inc flu hosp,NA,NA,28,pmf,2026-03-21,0.004979948115885201
2026-04-04,peak week inc flu hosp,NA,NA,28,pmf,2026-03-28,0.013685204033292446
2026-04-04,peak week inc flu hosp,NA,NA,28,pmf,2026-04-04,0.0005819307495210677
2026-04-04,peak week inc flu hosp,NA,NA,28,pmf,2026-04-11,0.00045885223334644757
2026-04-04,peak week inc flu hosp,NA,NA,28,pmf,2026-04-18,0.0004068684555905158
2026-04-04,peak week inc flu hosp,NA,NA,28,pmf,2026-04-25,0.00032147163734124785
2026-04-04,peak week inc flu hosp,NA,NA,28,pmf,2026-05-02,0.0006919833439052545
2026-04-04,peak week inc flu hosp,NA,NA,28,pmf,2026-05-09,0.0001145954143306153
2026-04-04,peak week inc flu hosp,NA,NA,28,pmf,2026-05-16,0.00011475460358995558
2026-04-04,peak week inc flu hosp,NA,NA,28,pmf,2026-05-23,9.981604231152801e-05
2026-04-04,peak week inc flu hosp,NA,NA,29,pmf,2025-10-04,9.971386658807059e-05
2026-04-04,peak week inc flu hosp,NA,NA,29,pmf,2025-10-11,9.971386658807059e-05
2026-04-04,peak week inc flu hosp,NA,NA,29,pmf,2025-10-18,9.971386658807059e-05
2026-04-04,peak week inc flu hosp,NA,NA,29,pmf,2025-10-25,9.971386658807059e-05
2026-04-04,peak week inc flu hosp,NA,NA,29,pmf,2025-11-01,9.971386658807059e-05
2026-04-04,peak week inc flu hosp,NA,NA,29,pmf,2025-11-08,9.971386658807059e-05
2026-04-04,peak week inc flu hosp,NA,NA,29,pmf,2025-11-15,9.971386658807059e-05
2026-04-04,peak week inc flu hosp,NA,NA,29,pmf,2025-11-22,9.971386658807059e-05
2026-04-04,peak week inc flu hosp,NA,NA,29,pmf,2025-11-29,9.971386658807059e-05
2026-04-04,peak week inc flu hosp,NA,NA,29,pmf,2025-12-06,9.971386658807059e-05
2026-04-04,peak week inc flu hosp,NA,NA,29,pmf,2025-12-13,9.971386658807059e-05
2026-04-04,peak week inc flu hosp,NA,NA,29,pmf,2025-12-20,9.971386658807059e-05
2026-04-04,peak week inc flu hosp,NA,NA,29,pmf,2025-12-27,9.971386658807059e-05
2026-04-04,peak week inc flu hosp,NA,NA,29,pmf,2026-01-03,0.9820536856033968
2026-04-04,peak week inc flu hosp,NA,NA,29,pmf,2026-01-10,9.971386658807059e-05
2026-04-04,peak week inc flu hosp,NA,NA,29,pmf,2026-01-17,9.971386658807059e-05
2026-04-04,peak week inc flu hosp,NA,NA,29,pmf,2026-01-24,0.0049849507221688275
2026-04-04,peak week inc flu hosp,NA,NA,29,pmf,2026-01-31,0.004984961872025052
2026-04-04,peak week inc flu hosp,NA,NA,29,pmf,2026-02-07,0.0049849858047671565
2026-04-04,peak week inc flu hosp,NA,NA,29,pmf,2026-02-14,9.971386658807059e-05
2026-04-04,peak week inc flu hosp,NA,NA,29,pmf,2026-02-21,9.971386658807059e-05
2026-04-04,peak week inc flu hosp,NA,NA,29,pmf,2026-02-28,9.971386658807059e-05
2026-04-04,peak week inc flu hosp,NA,NA,29,pmf,2026-03-07,9.971386658807059e-05
2026-04-04,peak week inc flu hosp,NA,NA,29,pmf,2026-03-14,9.971386658807059e-05
2026-04-04,peak week inc flu hosp,NA,NA,29,pmf,2026-03-21,9.971386658807059e-05
2026-04-04,peak week inc flu hosp,NA,NA,29,pmf,2026-03-28,9.971386658807059e-05
2026-04-04,peak week inc flu hosp,NA,NA,29,pmf,2026-04-04,9.971386658807059e-05
2026-04-04,peak week inc flu hosp,NA,NA,29,pmf,2026-04-11,9.971386658807059e-05
2026-04-04,peak week inc flu hosp,NA,NA,29,pmf,2026-04-18,9.971386658807059e-05
2026-04-04,peak week inc flu hosp,NA,NA,29,pmf,2026-04-25,9.971386658807059e-05
2026-04-04,peak week inc flu hosp,NA,NA,29,pmf,2026-05-02,9.971386658807059e-05
2026-04-04,peak week inc flu hosp,NA,NA,29,pmf,2026-05-09,9.971386658807059e-05
2026-04-04,peak week inc flu hosp,NA,NA,29,pmf,2026-05-16,9.971386658807059e-05
2026-04-04,peak week inc flu hosp,NA,NA,29,pmf,2026-05-23,9.971386658807059e-05
2026-04-04,peak week inc flu hosp,NA,NA,30,pmf,2025-10-04,9.971666826275804e-05
2026-04-04,peak week inc flu hosp,NA,NA,30,pmf,2025-10-11,9.971666826275804e-05
2026-04-04,peak week inc flu hosp,NA,NA,30,pmf,2025-10-18,9.971666826275804e-05
2026-04-04,peak week inc flu hosp,NA,NA,30,pmf,2025-10-25,9.971666826275804e-05
2026-04-04,peak week inc flu hosp,NA,NA,30,pmf,2025-11-01,9.971666826275804e-05
2026-04-04,peak week inc flu hosp,NA,NA,30,pmf,2025-11-08,9.971666826275804e-05
2026-04-04,peak week inc flu hosp,NA,NA,30,pmf,2025-11-15,9.971666826275804e-05
2026-04-04,peak week inc flu hosp,NA,NA,30,pmf,2025-11-22,9.971666826275804e-05
2026-04-04,peak week inc flu hosp,NA,NA,30,pmf,2025-11-29,9.971666826275804e-05
2026-04-04,peak week inc flu hosp,NA,NA,30,pmf,2025-12-06,9.971666826275804e-05
2026-04-04,peak week inc flu hosp,NA,NA,30,pmf,2025-12-13,9.971666826275804e-05
2026-04-04,peak week inc flu hosp,NA,NA,30,pmf,2025-12-20,9.971666826275804e-05
2026-04-04,peak week inc flu hosp,NA,NA,30,pmf,2025-12-27,9.971666826275804e-05
2026-04-04,peak week inc flu hosp,NA,NA,30,pmf,2026-01-03,0.9720851675408827
2026-04-04,peak week inc flu hosp,NA,NA,30,pmf,2026-01-10,9.971666826275804e-05
2026-04-04,peak week inc flu hosp,NA,NA,30,pmf,2026-01-17,9.971666826275804e-05
2026-04-04,peak week inc flu hosp,NA,NA,30,pmf,2026-01-24,0.014953275306797405
2026-04-04,peak week inc flu hosp,NA,NA,30,pmf,2026-01-31,0.00498507750700031
2026-04-04,peak week inc flu hosp,NA,NA,30,pmf,2026-02-07,9.971666826275804e-05
2026-04-04,peak week inc flu hosp,NA,NA,30,pmf,2026-02-14,9.971666826275804e-05
2026-04-04,peak week inc flu hosp,NA,NA,30,pmf,2026-02-21,9.971666826275804e-05
2026-04-04,peak week inc flu hosp,NA,NA,30,pmf,2026-02-28,0.004984979597436835
2026-04-04,peak week inc flu hosp,NA,NA,30,pmf,2026-03-07,9.971666826275804e-05
2026-04-04,peak week inc flu hosp,NA,NA,30,pmf,2026-03-14,9.971666826275804e-05
2026-04-04,peak week inc flu hosp,NA,NA,30,pmf,2026-03-21,9.971666826275804e-05
2026-04-04,peak week inc flu hosp,NA,NA,30,pmf,2026-03-28,9.971666826275804e-05
2026-04-04,peak week inc flu hosp,NA,NA,30,pmf,2026-04-04,9.971666826275804e-05
2026-04-04,peak week inc flu hosp,NA,NA,30,pmf,2026-04-11,9.971666826275804e-05
2026-04-04,peak week inc flu hosp,NA,NA,30,pmf,2026-04-18,9.971666826275804e-05
2026-04-04,peak week inc flu hosp,NA,NA,30,pmf,2026-04-25,9.971666826275804e-05
2026-04-04,peak week inc flu hosp,NA,NA,30,pmf,2026-05-02,9.971666826275804e-05
2026-04-04,peak week inc flu hosp,NA,NA,30,pmf,2026-05-09,9.971666826275804e-05
2026-04-04,peak week inc flu hosp,NA,NA,30,pmf,2026-05-16,9.971666826275804e-05
2026-04-04,peak week inc flu hosp,NA,NA,30,pmf,2026-05-23,9.971666826275804e-05
2026-04-04,peak week inc flu hosp,NA,NA,31,pmf,2025-10-04,9.977803844212643e-05
2026-04-04,peak week inc flu hosp,NA,NA,31,pmf,2025-10-11,9.977803844212643e-05
2026-04-04,peak week inc flu hosp,NA,NA,31,pmf,2025-10-18,9.977803844212643e-05
2026-04-04,peak week inc flu hosp,NA,NA,31,pmf,2025-10-25,9.977803844212643e-05
2026-04-04,peak week inc flu hosp,NA,NA,31,pmf,2025-11-01,9.977803844212643e-05
2026-04-04,peak week inc flu hosp,NA,NA,31,pmf,2025-11-08,9.977803844212643e-05
2026-04-04,peak week inc flu hosp,NA,NA,31,pmf,2025-11-15,9.977803844212643e-05
2026-04-04,peak week inc flu hosp,NA,NA,31,pmf,2025-11-22,9.977803844212643e-05
2026-04-04,peak week inc flu hosp,NA,NA,31,pmf,2025-11-29,9.977803844212643e-05
2026-04-04,peak week inc flu hosp,NA,NA,31,pmf,2025-12-06,9.977803844212643e-05
2026-04-04,peak week inc flu hosp,NA,NA,31,pmf,2025-12-13,9.977803844212643e-05
2026-04-04,peak week inc flu hosp,NA,NA,31,pmf,2025-12-20,9.977803844212643e-05
2026-04-04,peak week inc flu hosp,NA,NA,31,pmf,2025-12-27,9.977803844212643e-05
2026-04-04,peak week inc flu hosp,NA,NA,31,pmf,2026-01-03,0.9325180098495998
2026-04-04,peak week inc flu hosp,NA,NA,31,pmf,2026-01-10,9.977803844212643e-05
2026-04-04,peak week inc flu hosp,NA,NA,31,pmf,2026-01-17,9.977803844212643e-05
2026-04-04,peak week inc flu hosp,NA,NA,31,pmf,2026-01-24,0.004988283521106645
2026-04-04,peak week inc flu hosp,NA,NA,31,pmf,2026-01-31,0.004987871665781463
2026-04-04,peak week inc flu hosp,NA,NA,31,pmf,2026-02-07,0.004988280069624642
2026-04-04,peak week inc flu hosp,NA,NA,31,pmf,2026-02-14,0.01985777418027969
2026-04-04,peak week inc flu hosp,NA,NA,31,pmf,2026-02-21,0.02494067792277232
2026-04-04,peak week inc flu hosp,NA,NA,31,pmf,2026-02-28,0.004988216067803133
2026-04-04,peak week inc flu hosp,NA,NA,31,pmf,2026-03-07,9.977803844212643e-05
2026-04-04,peak week inc flu hosp,NA,NA,31,pmf,2026-03-14,9.977803844212643e-05
2026-04-04,peak week inc flu hosp,NA,NA,31,pmf,2026-03-21,9.977803844212643e-05
2026-04-04,peak week inc flu hosp,NA,NA,31,pmf,2026-03-28,9.977803844212643e-05
2026-04-04,peak week inc flu hosp,NA,NA,31,pmf,2026-04-04,0.00012875187526771237
2026-04-04,peak week inc flu hosp,NA,NA,31,pmf,2026-04-11,0.00010014148264958503
2026-04-04,peak week inc flu hosp,NA,NA,31,pmf,2026-04-18,0.00010732044250411527
2026-04-04,peak week inc flu hosp,NA,NA,31,pmf,2026-04-25,9.977803844212643e-05
2026-04-04,peak week inc flu hosp,NA,NA,31,pmf,2026-05-02,9.977803844212643e-05
2026-04-04,peak week inc flu hosp,NA,NA,31,pmf,2026-05-09,9.977803844212643e-05
2026-04-04,peak week inc flu hosp,NA,NA,31,pmf,2026-05-16,9.977803844212643e-05
2026-04-04,peak week inc flu hosp,NA,NA,31,pmf,2026-05-23,9.977803844212643e-05
2026-04-04,peak week inc flu hosp,NA,NA,32,pmf,2025-10-04,9.977605332058718e-05
2026-04-04,peak week inc flu hosp,NA,NA,32,pmf,2025-10-11,9.977605332058718e-05
2026-04-04,peak week inc flu hosp,NA,NA,32,pmf,2025-10-18,9.977605332058718e-05
2026-04-04,peak week inc flu hosp,NA,NA,32,pmf,2025-10-25,9.977605332058718e-05
2026-04-04,peak week inc flu hosp,NA,NA,32,pmf,2025-11-01,9.977605332058718e-05
2026-04-04,peak week inc flu hosp,NA,NA,32,pmf,2025-11-08,9.977605332058718e-05
2026-04-04,peak week inc flu hosp,NA,NA,32,pmf,2025-11-15,9.977605332058718e-05
2026-04-04,peak week inc flu hosp,NA,NA,32,pmf,2025-11-22,9.977605332058718e-05
2026-04-04,peak week inc flu hosp,NA,NA,32,pmf,2025-11-29,9.977605332058718e-05
2026-04-04,peak week inc flu hosp,NA,NA,32,pmf,2025-12-06,9.977605332058718e-05
2026-04-04,peak week inc flu hosp,NA,NA,32,pmf,2025-12-13,9.977605332058718e-05
2026-04-04,peak week inc flu hosp,NA,NA,32,pmf,2025-12-20,9.977605332058718e-05
2026-04-04,peak week inc flu hosp,NA,NA,32,pmf,2025-12-27,0.9711148708990308
2026-04-04,peak week inc flu hosp,NA,NA,32,pmf,2026-01-03,9.977605332058718e-05
2026-04-04,peak week inc flu hosp,NA,NA,32,pmf,2026-01-10,9.977605332058718e-05
2026-04-04,peak week inc flu hosp,NA,NA,32,pmf,2026-01-17,9.977605332058718e-05
2026-04-04,peak week inc flu hosp,NA,NA,32,pmf,2026-01-24,0.01496383819755709
2026-04-04,peak week inc flu hosp,NA,NA,32,pmf,2026-01-31,9.977605332058718e-05
2026-04-04,peak week inc flu hosp,NA,NA,32,pmf,2026-02-07,9.977605332058718e-05
2026-04-04,peak week inc flu hosp,NA,NA,32,pmf,2026-02-14,0.0048643416704869935
2026-04-04,peak week inc flu hosp,NA,NA,32,pmf,2026-02-21,9.977605332058718e-05
2026-04-04,peak week inc flu hosp,NA,NA,32,pmf,2026-02-28,9.977605332058718e-05
2026-04-04,peak week inc flu hosp,NA,NA,32,pmf,2026-03-07,9.977605332058718e-05
2026-04-04,peak week inc flu hosp,NA,NA,32,pmf,2026-03-14,9.977605332058718e-05
2026-04-04,peak week inc flu hosp,NA,NA,32,pmf,2026-03-21,9.977605332058718e-05
2026-04-04,peak week inc flu hosp,NA,NA,32,pmf,2026-03-28,0.004550602141785148
2026-04-04,peak week inc flu hosp,NA,NA,32,pmf,2026-04-04,0.0004459465252368219
2026-04-04,peak week inc flu hosp,NA,NA,32,pmf,2026-04-11,0.0003892444047066564
2026-04-04,peak week inc flu hosp,NA,NA,32,pmf,2026-04-18,0.0006870865818399993
2026-04-04,peak week inc flu hosp,NA,NA,32,pmf,2026-04-25,0.00023368830493426148
2026-04-04,peak week inc flu hosp,NA,NA,32,pmf,2026-05-02,0.00020728817581336506
2026-04-04,peak week inc flu hosp,NA,NA,32,pmf,2026-05-09,0.00010894575309752559
2026-04-04,peak week inc flu hosp,NA,NA,32,pmf,2026-05-16,0.0001392981191376308
2026-04-04,peak week inc flu hosp,NA,NA,32,pmf,2026-05-23,9.977605332058718e-05
2026-04-04,peak week inc flu hosp,NA,NA,33,pmf,2025-10-04,9.96863404471983e-05
2026-04-04,peak week inc flu hosp,NA,NA,33,pmf,2025-10-11,9.96863404471983e-05
2026-04-04,peak week inc flu hosp,NA,NA,33,pmf,2025-10-18,9.96863404471983e-05
2026-04-04,peak week inc flu hosp,NA,NA,33,pmf,2025-10-25,9.96863404471983e-05
2026-04-04,peak week inc flu hosp,NA,NA,33,pmf,2025-11-01,9.96863404471983e-05
2026-04-04,peak week inc flu hosp,NA,NA,33,pmf,2025-11-08,9.96863404471983e-05
2026-04-04,peak week inc flu hosp,NA,NA,33,pmf,2025-11-15,9.96863404471983e-05
2026-04-04,peak week inc flu hosp,NA,NA,33,pmf,2025-11-22,9.96863404471983e-05
2026-04-04,peak week inc flu hosp,NA,NA,33,pmf,2025-11-29,9.96863404471983e-05
2026-04-04,peak week inc flu hosp,NA,NA,33,pmf,2025-12-06,9.96863404471983e-05
2026-04-04,peak week inc flu hosp,NA,NA,33,pmf,2025-12-13,9.96863404471983e-05
2026-04-04,peak week inc flu hosp,NA,NA,33,pmf,2025-12-20,9.96863404471983e-05
2026-04-04,peak week inc flu hosp,NA,NA,33,pmf,2025-12-27,9.96863404471983e-05
2026-04-04,peak week inc flu hosp,NA,NA,33,pmf,2026-01-03,0.9967103507652425
2026-04-04,peak week inc flu hosp,NA,NA,33,pmf,2026-01-10,9.96863404471983e-05
2026-04-04,peak week inc flu hosp,NA,NA,33,pmf,2026-01-17,9.96863404471983e-05
2026-04-04,peak week inc flu hosp,NA,NA,33,pmf,2026-01-24,9.96863404471983e-05
2026-04-04,peak week inc flu hosp,NA,NA,33,pmf,2026-01-31,9.96863404471983e-05
2026-04-04,peak week inc flu hosp,NA,NA,33,pmf,2026-02-07,9.96863404471983e-05
2026-04-04,peak week inc flu hosp,NA,NA,33,pmf,2026-02-14,9.96863404471983e-05
2026-04-04,peak week inc flu hosp,NA,NA,33,pmf,2026-02-21,9.96863404471983e-05
2026-04-04,peak week inc flu hosp,NA,NA,33,pmf,2026-02-28,9.96863404471983e-05
2026-04-04,peak week inc flu hosp,NA,NA,33,pmf,2026-03-07,9.96863404471983e-05
2026-04-04,peak week inc flu hosp,NA,NA,33,pmf,2026-03-14,9.96863404471983e-05
2026-04-04,peak week inc flu hosp,NA,NA,33,pmf,2026-03-21,9.96863404471983e-05
2026-04-04,peak week inc flu hosp,NA,NA,33,pmf,2026-03-28,9.96863404471983e-05
2026-04-04,peak week inc flu hosp,NA,NA,33,pmf,2026-04-04,9.96863404471983e-05
2026-04-04,peak week inc flu hosp,NA,NA,33,pmf,2026-04-11,9.96863404471983e-05
2026-04-04,peak week inc flu hosp,NA,NA,33,pmf,2026-04-18,9.96863404471983e-05
2026-04-04,peak week inc flu hosp,NA,NA,33,pmf,2026-04-25,9.96863404471983e-05
2026-04-04,peak week inc flu hosp,NA,NA,33,pmf,2026-05-02,9.96863404471983e-05
2026-04-04,peak week inc flu hosp,NA,NA,33,pmf,2026-05-09,9.96863404471983e-05
2026-04-04,peak week inc flu hosp,NA,NA,33,pmf,2026-05-16,9.96863404471983e-05
2026-04-04,peak week inc flu hosp,NA,NA,33,pmf,2026-05-23,9.96863404471983e-05
2026-04-04,peak week inc flu hosp,NA,NA,34,pmf,2025-10-04,9.969359459139211e-05
2026-04-04,peak week inc flu hosp,NA,NA,34,pmf,2025-10-11,9.969359459139211e-05
2026-04-04,peak week inc flu hosp,NA,NA,34,pmf,2025-10-18,9.969359459139211e-05
2026-04-04,peak week inc flu hosp,NA,NA,34,pmf,2025-10-25,9.969359459139211e-05
2026-04-04,peak week inc flu hosp,NA,NA,34,pmf,2025-11-01,9.969359459139211e-05
2026-04-04,peak week inc flu hosp,NA,NA,34,pmf,2025-11-08,9.969359459139211e-05
2026-04-04,peak week inc flu hosp,NA,NA,34,pmf,2025-11-15,9.969359459139211e-05
2026-04-04,peak week inc flu hosp,NA,NA,34,pmf,2025-11-22,9.969359459139211e-05
2026-04-04,peak week inc flu hosp,NA,NA,34,pmf,2025-11-29,9.969359459139211e-05
2026-04-04,peak week inc flu hosp,NA,NA,34,pmf,2025-12-06,9.969359459139211e-05
2026-04-04,peak week inc flu hosp,NA,NA,34,pmf,2025-12-13,9.969359459139211e-05
2026-04-04,peak week inc flu hosp,NA,NA,34,pmf,2025-12-20,9.969359459139211e-05
2026-04-04,peak week inc flu hosp,NA,NA,34,pmf,2025-12-27,9.969359459139211e-05
2026-04-04,peak week inc flu hosp,NA,NA,34,pmf,2026-01-03,0.9918259363822188
2026-04-04,peak week inc flu hosp,NA,NA,34,pmf,2026-01-10,9.969359459139211e-05
2026-04-04,peak week inc flu hosp,NA,NA,34,pmf,2026-01-17,9.969359459139211e-05
2026-04-04,peak week inc flu hosp,NA,NA,34,pmf,2026-01-24,9.969359459139211e-05
2026-04-04,peak week inc flu hosp,NA,NA,34,pmf,2026-01-31,0.004983868590856706
2026-04-04,peak week inc flu hosp,NA,NA,34,pmf,2026-02-07,9.969359459139211e-05
2026-04-04,peak week inc flu hosp,NA,NA,34,pmf,2026-02-14,9.969359459139211e-05
2026-04-04,peak week inc flu hosp,NA,NA,34,pmf,2026-02-21,9.969359459139211e-05
2026-04-04,peak week inc flu hosp,NA,NA,34,pmf,2026-02-28,9.969359459139211e-05
2026-04-04,peak week inc flu hosp,NA,NA,34,pmf,2026-03-07,9.969359459139211e-05
2026-04-04,peak week inc flu hosp,NA,NA,34,pmf,2026-03-14,9.969359459139211e-05
2026-04-04,peak week inc flu hosp,NA,NA,34,pmf,2026-03-21,9.969359459139211e-05
2026-04-04,peak week inc flu hosp,NA,NA,34,pmf,2026-03-28,9.969359459139211e-05
2026-04-04,peak week inc flu hosp,NA,NA,34,pmf,2026-04-04,9.969359459139211e-05
2026-04-04,peak week inc flu hosp,NA,NA,34,pmf,2026-04-11,9.969359459139211e-05
2026-04-04,peak week inc flu hosp,NA,NA,34,pmf,2026-04-18,9.969359459139211e-05
2026-04-04,peak week inc flu hosp,NA,NA,34,pmf,2026-04-25,9.969359459139211e-05
2026-04-04,peak week inc flu hosp,NA,NA,34,pmf,2026-05-02,9.969359459139211e-05
2026-04-04,peak week inc flu hosp,NA,NA,34,pmf,2026-05-09,9.969359459139211e-05
2026-04-04,peak week inc flu hosp,NA,NA,34,pmf,2026-05-16,9.969359459139211e-05
2026-04-04,peak week inc flu hosp,NA,NA,34,pmf,2026-05-23,9.969359459139211e-05
2026-04-04,peak week inc flu hosp,NA,NA,35,pmf,2025-10-04,9.968377186717415e-05
2026-04-04,peak week inc flu hosp,NA,NA,35,pmf,2025-10-11,9.968377186717415e-05
2026-04-04,peak week inc flu hosp,NA,NA,35,pmf,2025-10-18,9.968377186717415e-05
2026-04-04,peak week inc flu hosp,NA,NA,35,pmf,2025-10-25,9.968377186717415e-05
2026-04-04,peak week inc flu hosp,NA,NA,35,pmf,2025-11-01,9.968377186717415e-05
2026-04-04,peak week inc flu hosp,NA,NA,35,pmf,2025-11-08,9.968377186717415e-05
2026-04-04,peak week inc flu hosp,NA,NA,35,pmf,2025-11-15,9.968377186717415e-05
2026-04-04,peak week inc flu hosp,NA,NA,35,pmf,2025-11-22,9.968377186717415e-05
2026-04-04,peak week inc flu hosp,NA,NA,35,pmf,2025-11-29,9.968377186717415e-05
2026-04-04,peak week inc flu hosp,NA,NA,35,pmf,2025-12-06,9.968377186717415e-05
2026-04-04,peak week inc flu hosp,NA,NA,35,pmf,2025-12-13,9.968377186717415e-05
2026-04-04,peak week inc flu hosp,NA,NA,35,pmf,2025-12-20,9.968377186717415e-05
2026-04-04,peak week inc flu hosp,NA,NA,35,pmf,2025-12-27,9.968377186717415e-05
2026-04-04,peak week inc flu hosp,NA,NA,35,pmf,2026-01-03,0.9967104355283833
2026-04-04,peak week inc flu hosp,NA,NA,35,pmf,2026-01-10,9.968377186717415e-05
2026-04-04,peak week inc flu hosp,NA,NA,35,pmf,2026-01-17,9.968377186717415e-05
2026-04-04,peak week inc flu hosp,NA,NA,35,pmf,2026-01-24,9.968377186717415e-05
2026-04-04,peak week inc flu hosp,NA,NA,35,pmf,2026-01-31,9.968377186717415e-05
2026-04-04,peak week inc flu hosp,NA,NA,35,pmf,2026-02-07,9.968377186717415e-05
2026-04-04,peak week inc flu hosp,NA,NA,35,pmf,2026-02-14,9.968377186717415e-05
2026-04-04,peak week inc flu hosp,NA,NA,35,pmf,2026-02-21,9.968377186717415e-05
2026-04-04,peak week inc flu hosp,NA,NA,35,pmf,2026-02-28,9.968377186717415e-05
2026-04-04,peak week inc flu hosp,NA,NA,35,pmf,2026-03-07,9.968377186717415e-05
2026-04-04,peak week inc flu hosp,NA,NA,35,pmf,2026-03-14,9.968377186717415e-05
2026-04-04,peak week inc flu hosp,NA,NA,35,pmf,2026-03-21,9.968377186717415e-05
2026-04-04,peak week inc flu hosp,NA,NA,35,pmf,2026-03-28,9.968377186717415e-05
2026-04-04,peak week inc flu hosp,NA,NA,35,pmf,2026-04-04,9.968377186717415e-05
2026-04-04,peak week inc flu hosp,NA,NA,35,pmf,2026-04-11,9.968377186717415e-05
2026-04-04,peak week inc flu hosp,NA,NA,35,pmf,2026-04-18,9.968377186717415e-05
2026-04-04,peak week inc flu hosp,NA,NA,35,pmf,2026-04-25,9.968377186717415e-05
2026-04-04,peak week inc flu hosp,NA,NA,35,pmf,2026-05-02,9.968377186717415e-05
2026-04-04,peak week inc flu hosp,NA,NA,35,pmf,2026-05-09,9.968377186717415e-05
2026-04-04,peak week inc flu hosp,NA,NA,35,pmf,2026-05-16,9.968377186717415e-05
2026-04-04,peak week inc flu hosp,NA,NA,35,pmf,2026-05-23,9.968377186717415e-05
2026-04-04,peak week inc flu hosp,NA,NA,36,pmf,2025-10-04,9.970348410584348e-05
2026-04-04,peak week inc flu hosp,NA,NA,36,pmf,2025-10-11,9.970348410584348e-05
2026-04-04,peak week inc flu hosp,NA,NA,36,pmf,2025-10-18,9.970348410584348e-05
2026-04-04,peak week inc flu hosp,NA,NA,36,pmf,2025-10-25,9.970348410584348e-05
2026-04-04,peak week inc flu hosp,NA,NA,36,pmf,2025-11-01,9.970348410584348e-05
2026-04-04,peak week inc flu hosp,NA,NA,36,pmf,2025-11-08,9.970348410584348e-05
2026-04-04,peak week inc flu hosp,NA,NA,36,pmf,2025-11-15,9.970348410584348e-05
2026-04-04,peak week inc flu hosp,NA,NA,36,pmf,2025-11-22,9.970348410584348e-05
2026-04-04,peak week inc flu hosp,NA,NA,36,pmf,2025-11-29,9.970348410584348e-05
2026-04-04,peak week inc flu hosp,NA,NA,36,pmf,2025-12-06,9.970348410584348e-05
2026-04-04,peak week inc flu hosp,NA,NA,36,pmf,2025-12-13,9.970348410584348e-05
2026-04-04,peak week inc flu hosp,NA,NA,36,pmf,2025-12-20,9.970348410584348e-05
2026-04-04,peak week inc flu hosp,NA,NA,36,pmf,2025-12-27,0.9869401854256417
2026-04-04,peak week inc flu hosp,NA,NA,36,pmf,2026-01-03,9.970348410584348e-05
2026-04-04,peak week inc flu hosp,NA,NA,36,pmf,2026-01-10,9.970348410584348e-05
2026-04-04,peak week inc flu hosp,NA,NA,36,pmf,2026-01-17,9.970348410584348e-05
2026-04-04,peak week inc flu hosp,NA,NA,36,pmf,2026-01-24,9.970348410584348e-05
2026-04-04,peak week inc flu hosp,NA,NA,36,pmf,2026-01-31,0.00498444959842512
2026-04-04,peak week inc flu hosp,NA,NA,36,pmf,2026-02-07,0.004984556968652054
2026-04-04,peak week inc flu hosp,NA,NA,36,pmf,2026-02-14,9.970348410584348e-05
2026-04-04,peak week inc flu hosp,NA,NA,36,pmf,2026-02-21,9.970348410584348e-05
2026-04-04,peak week inc flu hosp,NA,NA,36,pmf,2026-02-28,9.970348410584348e-05
2026-04-04,peak week inc flu hosp,NA,NA,36,pmf,2026-03-07,9.970348410584348e-05
2026-04-04,peak week inc flu hosp,NA,NA,36,pmf,2026-03-14,9.970348410584348e-05
2026-04-04,peak week inc flu hosp,NA,NA,36,pmf,2026-03-21,9.970348410584348e-05
2026-04-04,peak week inc flu hosp,NA,NA,36,pmf,2026-03-28,9.970348410584348e-05
2026-04-04,peak week inc flu hosp,NA,NA,36,pmf,2026-04-04,9.970348410584348e-05
2026-04-04,peak week inc flu hosp,NA,NA,36,pmf,2026-04-11,9.970348410584348e-05
2026-04-04,peak week inc flu hosp,NA,NA,36,pmf,2026-04-18,9.970348410584348e-05
2026-04-04,peak week inc flu hosp,NA,NA,36,pmf,2026-04-25,9.970348410584348e-05
2026-04-04,peak week inc flu hosp,NA,NA,36,pmf,2026-05-02,9.970348410584348e-05
2026-04-04,peak week inc flu hosp,NA,NA,36,pmf,2026-05-09,9.970348410584348e-05
2026-04-04,peak week inc flu hosp,NA,NA,36,pmf,2026-05-16,9.970348410584348e-05
2026-04-04,peak week inc flu hosp,NA,NA,36,pmf,2026-05-23,9.970348410584348e-05
2026-04-04,peak week inc flu hosp,NA,NA,37,pmf,2025-10-04,9.968324483154249e-05
2026-04-04,peak week inc flu hosp,NA,NA,37,pmf,2025-10-11,9.968324483154249e-05
2026-04-04,peak week inc flu hosp,NA,NA,37,pmf,2025-10-18,9.968324483154249e-05
2026-04-04,peak week inc flu hosp,NA,NA,37,pmf,2025-10-25,9.968324483154249e-05
2026-04-04,peak week inc flu hosp,NA,NA,37,pmf,2025-11-01,9.968324483154249e-05
2026-04-04,peak week inc flu hosp,NA,NA,37,pmf,2025-11-08,9.968324483154249e-05
2026-04-04,peak week inc flu hosp,NA,NA,37,pmf,2025-11-15,9.968324483154249e-05
2026-04-04,peak week inc flu hosp,NA,NA,37,pmf,2025-11-22,9.968324483154249e-05
2026-04-04,peak week inc flu hosp,NA,NA,37,pmf,2025-11-29,9.968324483154249e-05
2026-04-04,peak week inc flu hosp,NA,NA,37,pmf,2025-12-06,9.968324483154249e-05
2026-04-04,peak week inc flu hosp,NA,NA,37,pmf,2025-12-13,9.968324483154249e-05
2026-04-04,peak week inc flu hosp,NA,NA,37,pmf,2025-12-20,9.968324483154249e-05
2026-04-04,peak week inc flu hosp,NA,NA,37,pmf,2025-12-27,0.9967104529205593
2026-04-04,peak week inc flu hosp,NA,NA,37,pmf,2026-01-03,9.968324483154249e-05
2026-04-04,peak week inc flu hosp,NA,NA,37,pmf,2026-01-10,9.968324483154249e-05
2026-04-04,peak week inc flu hosp,NA,NA,37,pmf,2026-01-17,9.968324483154249e-05
2026-04-04,peak week inc flu hosp,NA,NA,37,pmf,2026-01-24,9.968324483154249e-05
2026-04-04,peak week inc flu hosp,NA,NA,37,pmf,2026-01-31,9.968324483154249e-05
2026-04-04,peak week inc flu hosp,NA,NA,37,pmf,2026-02-07,9.968324483154249e-05
2026-04-04,peak week inc flu hosp,NA,NA,37,pmf,2026-02-14,9.968324483154249e-05
2026-04-04,peak week inc flu hosp,NA,NA,37,pmf,2026-02-21,9.968324483154249e-05
2026-04-04,peak week inc flu hosp,NA,NA,37,pmf,2026-02-28,9.968324483154249e-05
2026-04-04,peak week inc flu hosp,NA,NA,37,pmf,2026-03-07,9.968324483154249e-05
2026-04-04,peak week inc flu hosp,NA,NA,37,pmf,2026-03-14,9.968324483154249e-05
2026-04-04,peak week inc flu hosp,NA,NA,37,pmf,2026-03-21,9.968324483154249e-05
2026-04-04,peak week inc flu hosp,NA,NA,37,pmf,2026-03-28,9.968324483154249e-05
2026-04-04,peak week inc flu hosp,NA,NA,37,pmf,2026-04-04,9.968324483154249e-05
2026-04-04,peak week inc flu hosp,NA,NA,37,pmf,2026-04-11,9.968324483154249e-05
2026-04-04,peak week inc flu hosp,NA,NA,37,pmf,2026-04-18,9.968324483154249e-05
2026-04-04,peak week inc flu hosp,NA,NA,37,pmf,2026-04-25,9.968324483154249e-05
2026-04-04,peak week inc flu hosp,NA,NA,37,pmf,2026-05-02,9.968324483154249e-05
2026-04-04,peak week inc flu hosp,NA,NA,37,pmf,2026-05-09,9.968324483154249e-05
2026-04-04,peak week inc flu hosp,NA,NA,37,pmf,2026-05-16,9.968324483154249e-05
2026-04-04,peak week inc flu hosp,NA,NA,37,pmf,2026-05-23,9.968324483154249e-05
2026-04-04,peak week inc flu hosp,NA,NA,38,pmf,2025-10-04,9.973641114309918e-05
2026-04-04,peak week inc flu hosp,NA,NA,38,pmf,2025-10-11,9.973641114309918e-05
2026-04-04,peak week inc flu hosp,NA,NA,38,pmf,2025-10-18,9.973641114309918e-05
2026-04-04,peak week inc flu hosp,NA,NA,38,pmf,2025-10-25,9.973641114309918e-05
2026-04-04,peak week inc flu hosp,NA,NA,38,pmf,2025-11-01,9.973641114309918e-05
2026-04-04,peak week inc flu hosp,NA,NA,38,pmf,2025-11-08,9.973641114309918e-05
2026-04-04,peak week inc flu hosp,NA,NA,38,pmf,2025-11-15,9.973641114309918e-05
2026-04-04,peak week inc flu hosp,NA,NA,38,pmf,2025-11-22,9.973641114309918e-05
2026-04-04,peak week inc flu hosp,NA,NA,38,pmf,2025-11-29,9.973641114309918e-05
2026-04-04,peak week inc flu hosp,NA,NA,38,pmf,2025-12-06,9.973641114309918e-05
2026-04-04,peak week inc flu hosp,NA,NA,38,pmf,2025-12-13,9.973641114309918e-05
2026-04-04,peak week inc flu hosp,NA,NA,38,pmf,2025-12-20,9.973641114309918e-05
2026-04-04,peak week inc flu hosp,NA,NA,38,pmf,2025-12-27,9.973641114309918e-05
2026-04-04,peak week inc flu hosp,NA,NA,38,pmf,2026-01-03,0.9872094332837779
2026-04-04,peak week inc flu hosp,NA,NA,38,pmf,2026-01-10,9.973641114309918e-05
2026-04-04,peak week inc flu hosp,NA,NA,38,pmf,2026-01-17,9.973641114309918e-05
2026-04-04,peak week inc flu hosp,NA,NA,38,pmf,2026-01-24,0.004986185590781503
2026-04-04,peak week inc flu hosp,NA,NA,38,pmf,2026-01-31,9.973641114309918e-05
2026-04-04,peak week inc flu hosp,NA,NA,38,pmf,2026-02-07,9.973641114309918e-05
2026-04-04,peak week inc flu hosp,NA,NA,38,pmf,2026-02-14,9.973641114309918e-05
2026-04-04,peak week inc flu hosp,NA,NA,38,pmf,2026-02-21,9.973641114309918e-05
2026-04-04,peak week inc flu hosp,NA,NA,38,pmf,2026-02-28,9.973641114309918e-05
2026-04-04,peak week inc flu hosp,NA,NA,38,pmf,2026-03-07,9.973641114309918e-05
2026-04-04,peak week inc flu hosp,NA,NA,38,pmf,2026-03-14,9.973641114309918e-05
2026-04-04,peak week inc flu hosp,NA,NA,38,pmf,2026-03-21,9.973641114309918e-05
2026-04-04,peak week inc flu hosp,NA,NA,38,pmf,2026-03-28,0.00462433457969811
2026-04-04,peak week inc flu hosp,NA,NA,38,pmf,2026-04-04,0.00013012999107479435
2026-04-04,peak week inc flu hosp,NA,NA,38,pmf,2026-04-11,0.00015756063151805687
2026-04-04,peak week inc flu hosp,NA,NA,38,pmf,2026-04-18,9.973641114309918e-05
2026-04-04,peak week inc flu hosp,NA,NA,38,pmf,2026-04-25,9.973641114309918e-05
2026-04-04,peak week inc flu hosp,NA,NA,38,pmf,2026-05-02,9.973641114309918e-05
2026-04-04,peak week inc flu hosp,NA,NA,38,pmf,2026-05-09,9.973641114309918e-05
2026-04-04,peak week inc flu hosp,NA,NA,38,pmf,2026-05-16,9.973641114309918e-05
2026-04-04,peak week inc flu hosp,NA,NA,38,pmf,2026-05-23,9.973641114309918e-05
2026-04-04,peak week inc flu hosp,NA,NA,39,pmf,2025-10-04,9.969359993326476e-05
2026-04-04,peak week inc flu hosp,NA,NA,39,pmf,2025-10-11,9.969359993326476e-05
2026-04-04,peak week inc flu hosp,NA,NA,39,pmf,2025-10-18,9.969359993326476e-05
2026-04-04,peak week inc flu hosp,NA,NA,39,pmf,2025-10-25,9.969359993326476e-05
2026-04-04,peak week inc flu hosp,NA,NA,39,pmf,2025-11-01,9.969359993326476e-05
2026-04-04,peak week inc flu hosp,NA,NA,39,pmf,2025-11-08,9.969359993326476e-05
2026-04-04,peak week inc flu hosp,NA,NA,39,pmf,2025-11-15,9.969359993326476e-05
2026-04-04,peak week inc flu hosp,NA,NA,39,pmf,2025-11-22,9.969359993326476e-05
2026-04-04,peak week inc flu hosp,NA,NA,39,pmf,2025-11-29,9.969359993326476e-05
2026-04-04,peak week inc flu hosp,NA,NA,39,pmf,2025-12-06,9.969359993326476e-05
2026-04-04,peak week inc flu hosp,NA,NA,39,pmf,2025-12-13,9.969359993326476e-05
2026-04-04,peak week inc flu hosp,NA,NA,39,pmf,2025-12-20,9.969359993326476e-05
2026-04-04,peak week inc flu hosp,NA,NA,39,pmf,2025-12-27,9.969359993326476e-05
2026-04-04,peak week inc flu hosp,NA,NA,39,pmf,2026-01-03,0.9918278032245401
2026-04-04,peak week inc flu hosp,NA,NA,39,pmf,2026-01-10,9.969359993326476e-05
2026-04-04,peak week inc flu hosp,NA,NA,39,pmf,2026-01-17,9.969359993326476e-05
2026-04-04,peak week inc flu hosp,NA,NA,39,pmf,2026-01-24,9.969359993326476e-05
2026-04-04,peak week inc flu hosp,NA,NA,39,pmf,2026-01-31,0.0049820015775954305
2026-04-04,peak week inc flu hosp,NA,NA,39,pmf,2026-02-07,9.969359993326476e-05
2026-04-04,peak week inc flu hosp,NA,NA,39,pmf,2026-02-14,9.969359993326476e-05
2026-04-04,peak week inc flu hosp,NA,NA,39,pmf,2026-02-21,9.969359993326476e-05
2026-04-04,peak week inc flu hosp,NA,NA,39,pmf,2026-02-28,9.969359993326476e-05
2026-04-04,peak week inc flu hosp,NA,NA,39,pmf,2026-03-07,9.969359993326476e-05
2026-04-04,peak week inc flu hosp,NA,NA,39,pmf,2026-03-14,9.969359993326476e-05
2026-04-04,peak week inc flu hosp,NA,NA,39,pmf,2026-03-21,9.969359993326476e-05
2026-04-04,peak week inc flu hosp,NA,NA,39,pmf,2026-03-28,9.969359993326476e-05
2026-04-04,peak week inc flu hosp,NA,NA,39,pmf,2026-04-04,9.969359993326476e-05
2026-04-04,peak week inc flu hosp,NA,NA,39,pmf,2026-04-11,9.969359993326476e-05
2026-04-04,peak week inc flu hosp,NA,NA,39,pmf,2026-04-18,9.969359993326476e-05
2026-04-04,peak week inc flu hosp,NA,NA,39,pmf,2026-04-25,9.969359993326476e-05
2026-04-04,peak week inc flu hosp,NA,NA,39,pmf,2026-05-02,9.969359993326476e-05
2026-04-04,peak week inc flu hosp,NA,NA,39,pmf,2026-05-09,9.969359993326476e-05
2026-04-04,peak week inc flu hosp,NA,NA,39,pmf,2026-05-16,9.969359993326476e-05
2026-04-04,peak week inc flu hosp,NA,NA,39,pmf,2026-05-23,9.969359993326476e-05
2026-04-04,peak week inc flu hosp,NA,NA,40,pmf,2025-10-04,9.974716947798459e-05
2026-04-04,peak week inc flu hosp,NA,NA,40,pmf,2025-10-11,9.974716947798459e-05
2026-04-04,peak week inc flu hosp,NA,NA,40,pmf,2025-10-18,9.974716947798459e-05
2026-04-04,peak week inc flu hosp,NA,NA,40,pmf,2025-10-25,9.974716947798459e-05
2026-04-04,peak week inc flu hosp,NA,NA,40,pmf,2025-11-01,9.974716947798459e-05
2026-04-04,peak week inc flu hosp,NA,NA,40,pmf,2025-11-08,9.974716947798459e-05
2026-04-04,peak week inc flu hosp,NA,NA,40,pmf,2025-11-15,9.974716947798459e-05
2026-04-04,peak week inc flu hosp,NA,NA,40,pmf,2025-11-22,9.974716947798459e-05
2026-04-04,peak week inc flu hosp,NA,NA,40,pmf,2025-11-29,9.974716947798459e-05
2026-04-04,peak week inc flu hosp,NA,NA,40,pmf,2025-12-06,9.974716947798459e-05
2026-04-04,peak week inc flu hosp,NA,NA,40,pmf,2025-12-13,9.974716947798459e-05
2026-04-04,peak week inc flu hosp,NA,NA,40,pmf,2025-12-20,9.974716947798459e-05
2026-04-04,peak week inc flu hosp,NA,NA,40,pmf,2025-12-27,9.974716947798459e-05
2026-04-04,peak week inc flu hosp,NA,NA,40,pmf,2026-01-03,9.974716947798459e-05
2026-04-04,peak week inc flu hosp,NA,NA,40,pmf,2026-01-10,9.974716947798459e-05
2026-04-04,peak week inc flu hosp,NA,NA,40,pmf,2026-01-17,9.974716947798459e-05
2026-04-04,peak week inc flu hosp,NA,NA,40,pmf,2026-01-24,9.974716947798459e-05
2026-04-04,peak week inc flu hosp,NA,NA,40,pmf,2026-01-31,0.004986523335281414
2026-04-04,peak week inc flu hosp,NA,NA,40,pmf,2026-02-07,0.019938488004432386
2026-04-04,peak week inc flu hosp,NA,NA,40,pmf,2026-02-14,0.937279970191231
2026-04-04,peak week inc flu hosp,NA,NA,40,pmf,2026-02-21,0.029915896906581533
2026-04-04,peak week inc flu hosp,NA,NA,40,pmf,2026-02-28,0.0049864536476120795
2026-04-04,peak week inc flu hosp,NA,NA,40,pmf,2026-03-07,9.974716947798459e-05
2026-04-04,peak week inc flu hosp,NA,NA,40,pmf,2026-03-14,9.974716947798459e-05
2026-04-04,peak week inc flu hosp,NA,NA,40,pmf,2026-03-21,9.974716947798459e-05
2026-04-04,peak week inc flu hosp,NA,NA,40,pmf,2026-03-28,9.974716947798459e-05
2026-04-04,peak week inc flu hosp,NA,NA,40,pmf,2026-04-04,9.974716947798459e-05
2026-04-04,peak week inc flu hosp,NA,NA,40,pmf,2026-04-11,9.974716947798459e-05
2026-04-04,peak week inc flu hosp,NA,NA,40,pmf,2026-04-18,9.974716947798459e-05
2026-04-04,peak week inc flu hosp,NA,NA,40,pmf,2026-04-25,9.974716947798459e-05
2026-04-04,peak week inc flu hosp,NA,NA,40,pmf,2026-05-02,9.974716947798459e-05
2026-04-04,peak week inc flu hosp,NA,NA,40,pmf,2026-05-09,9.974716947798459e-05
2026-04-04,peak week inc flu hosp,NA,NA,40,pmf,2026-05-16,9.974716947798459e-05
2026-04-04,peak week inc flu hosp,NA,NA,40,pmf,2026-05-23,9.974716947798459e-05
2026-04-04,peak week inc flu hosp,NA,NA,41,pmf,2025-10-04,9.971481696224928e-05
2026-04-04,peak week inc flu hosp,NA,NA,41,pmf,2025-10-11,9.971481696224928e-05
2026-04-04,peak week inc flu hosp,NA,NA,41,pmf,2025-10-18,9.971481696224928e-05
2026-04-04,peak week inc flu hosp,NA,NA,41,pmf,2025-10-25,9.971481696224928e-05
2026-04-04,peak week inc flu hosp,NA,NA,41,pmf,2025-11-01,9.971481696224928e-05
2026-04-04,peak week inc flu hosp,NA,NA,41,pmf,2025-11-08,9.971481696224928e-05
2026-04-04,peak week inc flu hosp,NA,NA,41,pmf,2025-11-15,9.971481696224928e-05
2026-04-04,peak week inc flu hosp,NA,NA,41,pmf,2025-11-22,9.971481696224928e-05
2026-04-04,peak week inc flu hosp,NA,NA,41,pmf,2025-11-29,9.971481696224928e-05
2026-04-04,peak week inc flu hosp,NA,NA,41,pmf,2025-12-06,9.971481696224928e-05
2026-04-04,peak week inc flu hosp,NA,NA,41,pmf,2025-12-13,9.971481696224928e-05
2026-04-04,peak week inc flu hosp,NA,NA,41,pmf,2025-12-20,9.971481696224928e-05
2026-04-04,peak week inc flu hosp,NA,NA,41,pmf,2025-12-27,9.971481696224928e-05
2026-04-04,peak week inc flu hosp,NA,NA,41,pmf,2026-01-03,9.971481696224928e-05
2026-04-04,peak week inc flu hosp,NA,NA,41,pmf,2026-01-10,9.971481696224928e-05
2026-04-04,peak week inc flu hosp,NA,NA,41,pmf,2026-01-17,9.971481696224928e-05
2026-04-04,peak week inc flu hosp,NA,NA,41,pmf,2026-01-24,9.971481696224928e-05
2026-04-04,peak week inc flu hosp,NA,NA,41,pmf,2026-01-31,0.019940347717882768
2026-04-04,peak week inc flu hosp,NA,NA,41,pmf,2026-02-07,0.9621131016472729
2026-04-04,peak week inc flu hosp,NA,NA,41,pmf,2026-02-14,0.009970073948953063
2026-04-04,peak week inc flu hosp,NA,NA,41,pmf,2026-02-21,0.0049850321770239835
2026-04-04,peak week inc flu hosp,NA,NA,41,pmf,2026-02-28,9.971481696224928e-05
2026-04-04,peak week inc flu hosp,NA,NA,41,pmf,2026-03-07,9.971481696224928e-05
2026-04-04,peak week inc flu hosp,NA,NA,41,pmf,2026-03-14,9.971481696224928e-05
2026-04-04,peak week inc flu hosp,NA,NA,41,pmf,2026-03-21,9.971481696224928e-05
2026-04-04,peak week inc flu hosp,NA,NA,41,pmf,2026-03-28,9.971481696224928e-05
2026-04-04,peak week inc flu hosp,NA,NA,41,pmf,2026-04-04,9.971481696224928e-05
2026-04-04,peak week inc flu hosp,NA,NA,41,pmf,2026-04-11,9.971481696224928e-05
2026-04-04,peak week inc flu hosp,NA,NA,41,pmf,2026-04-18,9.971481696224928e-05
2026-04-04,peak week inc flu hosp,NA,NA,41,pmf,2026-04-25,9.971481696224928e-05
2026-04-04,peak week inc flu hosp,NA,NA,41,pmf,2026-05-02,9.971481696224928e-05
2026-04-04,peak week inc flu hosp,NA,NA,41,pmf,2026-05-09,9.971481696224928e-05
2026-04-04,peak week inc flu hosp,NA,NA,41,pmf,2026-05-16,9.971481696224928e-05
2026-04-04,peak week inc flu hosp,NA,NA,41,pmf,2026-05-23,9.971481696224928e-05
2026-04-04,peak week inc flu hosp,NA,NA,42,pmf,2025-10-04,9.970401062100771e-05
2026-04-04,peak week inc flu hosp,NA,NA,42,pmf,2025-10-11,9.970401062100771e-05
2026-04-04,peak week inc flu hosp,NA,NA,42,pmf,2025-10-18,9.970401062100771e-05
2026-04-04,peak week inc flu hosp,NA,NA,42,pmf,2025-10-25,9.970401062100771e-05
2026-04-04,peak week inc flu hosp,NA,NA,42,pmf,2025-11-01,9.970401062100771e-05
2026-04-04,peak week inc flu hosp,NA,NA,42,pmf,2025-11-08,9.970401062100771e-05
2026-04-04,peak week inc flu hosp,NA,NA,42,pmf,2025-11-15,9.970401062100771e-05
2026-04-04,peak week inc flu hosp,NA,NA,42,pmf,2025-11-22,9.970401062100771e-05
2026-04-04,peak week inc flu hosp,NA,NA,42,pmf,2025-11-29,9.970401062100771e-05
2026-04-04,peak week inc flu hosp,NA,NA,42,pmf,2025-12-06,9.970401062100771e-05
2026-04-04,peak week inc flu hosp,NA,NA,42,pmf,2025-12-13,9.970401062100771e-05
2026-04-04,peak week inc flu hosp,NA,NA,42,pmf,2025-12-20,9.970401062100771e-05
2026-04-04,peak week inc flu hosp,NA,NA,42,pmf,2025-12-27,9.970401062100771e-05
2026-04-04,peak week inc flu hosp,NA,NA,42,pmf,2026-01-03,0.986942659620029
2026-04-04,peak week inc flu hosp,NA,NA,42,pmf,2026-01-10,9.970401062100771e-05
2026-04-04,peak week inc flu hosp,NA,NA,42,pmf,2026-01-17,9.970401062100771e-05
2026-04-04,peak week inc flu hosp,NA,NA,42,pmf,2026-01-24,9.970401062100771e-05
2026-04-04,peak week inc flu hosp,NA,NA,42,pmf,2026-01-31,0.0049846763547745886
2026-04-04,peak week inc flu hosp,NA,NA,42,pmf,2026-02-07,9.970401062100771e-05
2026-04-04,peak week inc flu hosp,NA,NA,42,pmf,2026-02-14,0.004981839695945218
2026-04-04,peak week inc flu hosp,NA,NA,42,pmf,2026-02-21,9.970401062100771e-05
2026-04-04,peak week inc flu hosp,NA,NA,42,pmf,2026-02-28,9.970401062100771e-05
2026-04-04,peak week inc flu hosp,NA,NA,42,pmf,2026-03-07,9.970401062100771e-05
2026-04-04,peak week inc flu hosp,NA,NA,42,pmf,2026-03-14,9.970401062100771e-05
2026-04-04,peak week inc flu hosp,NA,NA,42,pmf,2026-03-21,9.970401062100771e-05
2026-04-04,peak week inc flu hosp,NA,NA,42,pmf,2026-03-28,9.970401062100771e-05
2026-04-04,peak week inc flu hosp,NA,NA,42,pmf,2026-04-04,9.970401062100771e-05
2026-04-04,peak week inc flu hosp,NA,NA,42,pmf,2026-04-11,9.970401062100771e-05
2026-04-04,peak week inc flu hosp,NA,NA,42,pmf,2026-04-18,9.970401062100771e-05
2026-04-04,peak week inc flu hosp,NA,NA,42,pmf,2026-04-25,9.970401062100771e-05
2026-04-04,peak week inc flu hosp,NA,NA,42,pmf,2026-05-02,9.970401062100771e-05
2026-04-04,peak week inc flu hosp,NA,NA,42,pmf,2026-05-09,9.970401062100771e-05
2026-04-04,peak week inc flu hosp,NA,NA,42,pmf,2026-05-16,9.970401062100771e-05
2026-04-04,peak week inc flu hosp,NA,NA,42,pmf,2026-05-23,9.970401062100771e-05
2026-04-04,peak week inc flu hosp,NA,NA,44,pmf,2025-10-04,9.96840460084531e-05
2026-04-04,peak week inc flu hosp,NA,NA,44,pmf,2025-10-11,9.96840460084531e-05
2026-04-04,peak week inc flu hosp,NA,NA,44,pmf,2025-10-18,9.96840460084531e-05
2026-04-04,peak week inc flu hosp,NA,NA,44,pmf,2025-10-25,9.96840460084531e-05
2026-04-04,peak week inc flu hosp,NA,NA,44,pmf,2025-11-01,9.96840460084531e-05
2026-04-04,peak week inc flu hosp,NA,NA,44,pmf,2025-11-08,9.96840460084531e-05
2026-04-04,peak week inc flu hosp,NA,NA,44,pmf,2025-11-15,9.96840460084531e-05
2026-04-04,peak week inc flu hosp,NA,NA,44,pmf,2025-11-22,9.96840460084531e-05
2026-04-04,peak week inc flu hosp,NA,NA,44,pmf,2025-11-29,9.96840460084531e-05
2026-04-04,peak week inc flu hosp,NA,NA,44,pmf,2025-12-06,9.96840460084531e-05
2026-04-04,peak week inc flu hosp,NA,NA,44,pmf,2025-12-13,9.96840460084531e-05
2026-04-04,peak week inc flu hosp,NA,NA,44,pmf,2025-12-20,9.96840460084531e-05
2026-04-04,peak week inc flu hosp,NA,NA,44,pmf,2025-12-27,9.96840460084531e-05
2026-04-04,peak week inc flu hosp,NA,NA,44,pmf,2026-01-03,0.9967104264817211
2026-04-04,peak week inc flu hosp,NA,NA,44,pmf,2026-01-10,9.96840460084531e-05
2026-04-04,peak week inc flu hosp,NA,NA,44,pmf,2026-01-17,9.96840460084531e-05
2026-04-04,peak week inc flu hosp,NA,NA,44,pmf,2026-01-24,9.96840460084531e-05
2026-04-04,peak week inc flu hosp,NA,NA,44,pmf,2026-01-31,9.96840460084531e-05
2026-04-04,peak week inc flu hosp,NA,NA,44,pmf,2026-02-07,9.96840460084531e-05
2026-04-04,peak week inc flu hosp,NA,NA,44,pmf,2026-02-14,9.96840460084531e-05
2026-04-04,peak week inc flu hosp,NA,NA,44,pmf,2026-02-21,9.96840460084531e-05
2026-04-04,peak week inc flu hosp,NA,NA,44,pmf,2026-02-28,9.96840460084531e-05
2026-04-04,peak week inc flu hosp,NA,NA,44,pmf,2026-03-07,9.96840460084531e-05
2026-04-04,peak week inc flu hosp,NA,NA,44,pmf,2026-03-14,9.96840460084531e-05
2026-04-04,peak week inc flu hosp,NA,NA,44,pmf,2026-03-21,9.96840460084531e-05
2026-04-04,peak week inc flu hosp,NA,NA,44,pmf,2026-03-28,9.96840460084531e-05
2026-04-04,peak week inc flu hosp,NA,NA,44,pmf,2026-04-04,9.96840460084531e-05
2026-04-04,peak week inc flu hosp,NA,NA,44,pmf,2026-04-11,9.96840460084531e-05
2026-04-04,peak week inc flu hosp,NA,NA,44,pmf,2026-04-18,9.96840460084531e-05
2026-04-04,peak week inc flu hosp,NA,NA,44,pmf,2026-04-25,9.96840460084531e-05
2026-04-04,peak week inc flu hosp,NA,NA,44,pmf,2026-05-02,9.96840460084531e-05
2026-04-04,peak week inc flu hosp,NA,NA,44,pmf,2026-05-09,9.96840460084531e-05
2026-04-04,peak week inc flu hosp,NA,NA,44,pmf,2026-05-16,9.96840460084531e-05
2026-04-04,peak week inc flu hosp,NA,NA,44,pmf,2026-05-23,9.96840460084531e-05
2026-04-04,peak week inc flu hosp,NA,NA,45,pmf,2025-10-04,9.968298481056971e-05
2026-04-04,peak week inc flu hosp,NA,NA,45,pmf,2025-10-11,9.968298481056971e-05
2026-04-04,peak week inc flu hosp,NA,NA,45,pmf,2025-10-18,9.968298481056971e-05
2026-04-04,peak week inc flu hosp,NA,NA,45,pmf,2025-10-25,9.968298481056971e-05
2026-04-04,peak week inc flu hosp,NA,NA,45,pmf,2025-11-01,9.968298481056971e-05
2026-04-04,peak week inc flu hosp,NA,NA,45,pmf,2025-11-08,9.968298481056971e-05
2026-04-04,peak week inc flu hosp,NA,NA,45,pmf,2025-11-15,9.968298481056971e-05
2026-04-04,peak week inc flu hosp,NA,NA,45,pmf,2025-11-22,9.968298481056971e-05
2026-04-04,peak week inc flu hosp,NA,NA,45,pmf,2025-11-29,9.968298481056971e-05
2026-04-04,peak week inc flu hosp,NA,NA,45,pmf,2025-12-06,9.968298481056971e-05
2026-04-04,peak week inc flu hosp,NA,NA,45,pmf,2025-12-13,9.968298481056971e-05
2026-04-04,peak week inc flu hosp,NA,NA,45,pmf,2025-12-20,9.968298481056971e-05
2026-04-04,peak week inc flu hosp,NA,NA,45,pmf,2025-12-27,9.968298481056971e-05
2026-04-04,peak week inc flu hosp,NA,NA,45,pmf,2026-01-03,0.9967104615012512
2026-04-04,peak week inc flu hosp,NA,NA,45,pmf,2026-01-10,9.968298481056971e-05
2026-04-04,peak week inc flu hosp,NA,NA,45,pmf,2026-01-17,9.968298481056971e-05
2026-04-04,peak week inc flu hosp,NA,NA,45,pmf,2026-01-24,9.968298481056971e-05
2026-04-04,peak week inc flu hosp,NA,NA,45,pmf,2026-01-31,9.968298481056971e-05
2026-04-04,peak week inc flu hosp,NA,NA,45,pmf,2026-02-07,9.968298481056971e-05
2026-04-04,peak week inc flu hosp,NA,NA,45,pmf,2026-02-14,9.968298481056971e-05
2026-04-04,peak week inc flu hosp,NA,NA,45,pmf,2026-02-21,9.968298481056971e-05
2026-04-04,peak week inc flu hosp,NA,NA,45,pmf,2026-02-28,9.968298481056971e-05
2026-04-04,peak week inc flu hosp,NA,NA,45,pmf,2026-03-07,9.968298481056971e-05
2026-04-04,peak week inc flu hosp,NA,NA,45,pmf,2026-03-14,9.968298481056971e-05
2026-04-04,peak week inc flu hosp,NA,NA,45,pmf,2026-03-21,9.968298481056971e-05
2026-04-04,peak week inc flu hosp,NA,NA,45,pmf,2026-03-28,9.968298481056971e-05
2026-04-04,peak week inc flu hosp,NA,NA,45,pmf,2026-04-04,9.968298481056971e-05
2026-04-04,peak week inc flu hosp,NA,NA,45,pmf,2026-04-11,9.968298481056971e-05
2026-04-04,peak week inc flu hosp,NA,NA,45,pmf,2026-04-18,9.968298481056971e-05
2026-04-04,peak week inc flu hosp,NA,NA,45,pmf,2026-04-25,9.968298481056971e-05
2026-04-04,peak week inc flu hosp,NA,NA,45,pmf,2026-05-02,9.968298481056971e-05
2026-04-04,peak week inc flu hosp,NA,NA,45,pmf,2026-05-09,9.968298481056971e-05
2026-04-04,peak week inc flu hosp,NA,NA,45,pmf,2026-05-16,9.968298481056971e-05
2026-04-04,peak week inc flu hosp,NA,NA,45,pmf,2026-05-23,9.968298481056971e-05
2026-04-04,peak week inc flu hosp,NA,NA,46,pmf,2025-10-04,9.971301128177484e-05
2026-04-04,peak week inc flu hosp,NA,NA,46,pmf,2025-10-11,9.971301128177484e-05
2026-04-04,peak week inc flu hosp,NA,NA,46,pmf,2025-10-18,9.971301128177484e-05
2026-04-04,peak week inc flu hosp,NA,NA,46,pmf,2025-10-25,9.971301128177484e-05
2026-04-04,peak week inc flu hosp,NA,NA,46,pmf,2025-11-01,9.971301128177484e-05
2026-04-04,peak week inc flu hosp,NA,NA,46,pmf,2025-11-08,9.971301128177484e-05
2026-04-04,peak week inc flu hosp,NA,NA,46,pmf,2025-11-15,9.971301128177484e-05
2026-04-04,peak week inc flu hosp,NA,NA,46,pmf,2025-11-22,9.971301128177484e-05
2026-04-04,peak week inc flu hosp,NA,NA,46,pmf,2025-11-29,9.971301128177484e-05
2026-04-04,peak week inc flu hosp,NA,NA,46,pmf,2025-12-06,9.971301128177484e-05
2026-04-04,peak week inc flu hosp,NA,NA,46,pmf,2025-12-13,9.971301128177484e-05
2026-04-04,peak week inc flu hosp,NA,NA,46,pmf,2025-12-20,9.971301128177484e-05
2026-04-04,peak week inc flu hosp,NA,NA,46,pmf,2025-12-27,9.971301128177484e-05
2026-04-04,peak week inc flu hosp,NA,NA,46,pmf,2026-01-03,0.9966371776148876
2026-04-04,peak week inc flu hosp,NA,NA,46,pmf,2026-01-10,9.971301128177484e-05
2026-04-04,peak week inc flu hosp,NA,NA,46,pmf,2026-01-17,9.971301128177484e-05
2026-04-04,peak week inc flu hosp,NA,NA,46,pmf,2026-01-24,9.971301128177484e-05
2026-04-04,peak week inc flu hosp,NA,NA,46,pmf,2026-01-31,9.971301128177484e-05
2026-04-04,peak week inc flu hosp,NA,NA,46,pmf,2026-02-07,9.971301128177484e-05
2026-04-04,peak week inc flu hosp,NA,NA,46,pmf,2026-02-14,9.971301128177484e-05
2026-04-04,peak week inc flu hosp,NA,NA,46,pmf,2026-02-21,9.971301128177484e-05
2026-04-04,peak week inc flu hosp,NA,NA,46,pmf,2026-02-28,9.971301128177484e-05
2026-04-04,peak week inc flu hosp,NA,NA,46,pmf,2026-03-07,9.971301128177484e-05
2026-04-04,peak week inc flu hosp,NA,NA,46,pmf,2026-03-14,9.971301128177484e-05
2026-04-04,peak week inc flu hosp,NA,NA,46,pmf,2026-03-21,9.971301128177484e-05
2026-04-04,peak week inc flu hosp,NA,NA,46,pmf,2026-03-28,9.971301128177484e-05
2026-04-04,peak week inc flu hosp,NA,NA,46,pmf,2026-04-04,9.971301128177484e-05
2026-04-04,peak week inc flu hosp,NA,NA,46,pmf,2026-04-11,0.00016002114360060273
2026-04-04,peak week inc flu hosp,NA,NA,46,pmf,2026-04-18,0.00011169789177700486
2026-04-04,peak week inc flu hosp,NA,NA,46,pmf,2026-04-25,9.971301128177484e-05
2026-04-04,peak week inc flu hosp,NA,NA,46,pmf,2026-05-02,9.971301128177484e-05
2026-04-04,peak week inc flu hosp,NA,NA,46,pmf,2026-05-09,9.971301128177484e-05
2026-04-04,peak week inc flu hosp,NA,NA,46,pmf,2026-05-16,9.971301128177484e-05
2026-04-04,peak week inc flu hosp,NA,NA,46,pmf,2026-05-23,9.971301128177484e-05
2026-04-04,peak week inc flu hosp,NA,NA,47,pmf,2025-10-04,9.96944547535646e-05
2026-04-04,peak week inc flu hosp,NA,NA,47,pmf,2025-10-11,9.96944547535646e-05
2026-04-04,peak week inc flu hosp,NA,NA,47,pmf,2025-10-18,9.96944547535646e-05
2026-04-04,peak week inc flu hosp,NA,NA,47,pmf,2025-10-25,9.96944547535646e-05
2026-04-04,peak week inc flu hosp,NA,NA,47,pmf,2025-11-01,9.96944547535646e-05
2026-04-04,peak week inc flu hosp,NA,NA,47,pmf,2025-11-08,9.96944547535646e-05
2026-04-04,peak week inc flu hosp,NA,NA,47,pmf,2025-11-15,9.96944547535646e-05
2026-04-04,peak week inc flu hosp,NA,NA,47,pmf,2025-11-22,9.96944547535646e-05
2026-04-04,peak week inc flu hosp,NA,NA,47,pmf,2025-11-29,9.96944547535646e-05
2026-04-04,peak week inc flu hosp,NA,NA,47,pmf,2025-12-06,9.96944547535646e-05
2026-04-04,peak week inc flu hosp,NA,NA,47,pmf,2025-12-13,9.96944547535646e-05
2026-04-04,peak week inc flu hosp,NA,NA,47,pmf,2025-12-20,9.96944547535646e-05
2026-04-04,peak week inc flu hosp,NA,NA,47,pmf,2025-12-27,9.96944547535646e-05
2026-04-04,peak week inc flu hosp,NA,NA,47,pmf,2026-01-03,0.9918257357359771
2026-04-04,peak week inc flu hosp,NA,NA,47,pmf,2026-01-10,9.96944547535646e-05
2026-04-04,peak week inc flu hosp,NA,NA,47,pmf,2026-01-17,9.96944547535646e-05
2026-04-04,peak week inc flu hosp,NA,NA,47,pmf,2026-01-24,0.004984041711908966
2026-04-04,peak week inc flu hosp,NA,NA,47,pmf,2026-01-31,9.96944547535646e-05
2026-04-04,peak week inc flu hosp,NA,NA,47,pmf,2026-02-07,9.96944547535646e-05
2026-04-04,peak week inc flu hosp,NA,NA,47,pmf,2026-02-14,9.96944547535646e-05
2026-04-04,peak week inc flu hosp,NA,NA,47,pmf,2026-02-21,9.96944547535646e-05
2026-04-04,peak week inc flu hosp,NA,NA,47,pmf,2026-02-28,9.96944547535646e-05
2026-04-04,peak week inc flu hosp,NA,NA,47,pmf,2026-03-07,9.96944547535646e-05
2026-04-04,peak week inc flu hosp,NA,NA,47,pmf,2026-03-14,9.96944547535646e-05
2026-04-04,peak week inc flu hosp,NA,NA,47,pmf,2026-03-21,9.96944547535646e-05
2026-04-04,peak week inc flu hosp,NA,NA,47,pmf,2026-03-28,9.96944547535646e-05
2026-04-04,peak week inc flu hosp,NA,NA,47,pmf,2026-04-04,9.96944547535646e-05
2026-04-04,peak week inc flu hosp,NA,NA,47,pmf,2026-04-11,9.96944547535646e-05
2026-04-04,peak week inc flu hosp,NA,NA,47,pmf,2026-04-18,9.96944547535646e-05
2026-04-04,peak week inc flu hosp,NA,NA,47,pmf,2026-04-25,9.96944547535646e-05
2026-04-04,peak week inc flu hosp,NA,NA,47,pmf,2026-05-02,9.96944547535646e-05
2026-04-04,peak week inc flu hosp,NA,NA,47,pmf,2026-05-09,9.96944547535646e-05
2026-04-04,peak week inc flu hosp,NA,NA,47,pmf,2026-05-16,9.96944547535646e-05
2026-04-04,peak week inc flu hosp,NA,NA,47,pmf,2026-05-23,9.96944547535646e-05
2026-04-04,peak week inc flu hosp,NA,NA,48,pmf,2025-10-04,9.97053723212058e-05
2026-04-04,peak week inc flu hosp,NA,NA,48,pmf,2025-10-11,9.97053723212058e-05
2026-04-04,peak week inc flu hosp,NA,NA,48,pmf,2025-10-18,9.97053723212058e-05
2026-04-04,peak week inc flu hosp,NA,NA,48,pmf,2025-10-25,9.97053723212058e-05
2026-04-04,peak week inc flu hosp,NA,NA,48,pmf,2025-11-01,9.97053723212058e-05
2026-04-04,peak week inc flu hosp,NA,NA,48,pmf,2025-11-08,9.97053723212058e-05
2026-04-04,peak week inc flu hosp,NA,NA,48,pmf,2025-11-15,9.97053723212058e-05
2026-04-04,peak week inc flu hosp,NA,NA,48,pmf,2025-11-22,9.97053723212058e-05
2026-04-04,peak week inc flu hosp,NA,NA,48,pmf,2025-11-29,9.97053723212058e-05
2026-04-04,peak week inc flu hosp,NA,NA,48,pmf,2025-12-06,9.97053723212058e-05
2026-04-04,peak week inc flu hosp,NA,NA,48,pmf,2025-12-13,9.97053723212058e-05
2026-04-04,peak week inc flu hosp,NA,NA,48,pmf,2025-12-20,9.97053723212058e-05
2026-04-04,peak week inc flu hosp,NA,NA,48,pmf,2025-12-27,0.9869442015964522
2026-04-04,peak week inc flu hosp,NA,NA,48,pmf,2026-01-03,9.97053723212058e-05
2026-04-04,peak week inc flu hosp,NA,NA,48,pmf,2026-01-10,9.97053723212058e-05
2026-04-04,peak week inc flu hosp,NA,NA,48,pmf,2026-01-17,9.97053723212058e-05
2026-04-04,peak week inc flu hosp,NA,NA,48,pmf,2026-01-24,0.00498240056998792
2026-04-04,peak week inc flu hosp,NA,NA,48,pmf,2026-01-31,9.97053723212058e-05
2026-04-04,peak week inc flu hosp,NA,NA,48,pmf,2026-02-07,9.97053723212058e-05
2026-04-04,peak week inc flu hosp,NA,NA,48,pmf,2026-02-14,0.00498253129160254
2026-04-04,peak week inc flu hosp,NA,NA,48,pmf,2026-02-21,9.97053723212058e-05
2026-04-04,peak week inc flu hosp,NA,NA,48,pmf,2026-02-28,9.97053723212058e-05
2026-04-04,peak week inc flu hosp,NA,NA,48,pmf,2026-03-07,9.97053723212058e-05
2026-04-04,peak week inc flu hosp,NA,NA,48,pmf,2026-03-14,9.97053723212058e-05
2026-04-04,peak week inc flu hosp,NA,NA,48,pmf,2026-03-21,9.97053723212058e-05
2026-04-04,peak week inc flu hosp,NA,NA,48,pmf,2026-03-28,9.97053723212058e-05
2026-04-04,peak week inc flu hosp,NA,NA,48,pmf,2026-04-04,9.97053723212058e-05
2026-04-04,peak week inc flu hosp,NA,NA,48,pmf,2026-04-11,9.97053723212058e-05
2026-04-04,peak week inc flu hosp,NA,NA,48,pmf,2026-04-18,9.97053723212058e-05
2026-04-04,peak week inc flu hosp,NA,NA,48,pmf,2026-04-25,9.97053723212058e-05
2026-04-04,peak week inc flu hosp,NA,NA,48,pmf,2026-05-02,9.97053723212058e-05
2026-04-04,peak week inc flu hosp,NA,NA,48,pmf,2026-05-09,9.97053723212058e-05
2026-04-04,peak week inc flu hosp,NA,NA,48,pmf,2026-05-16,9.97053723212058e-05
2026-04-04,peak week inc flu hosp,NA,NA,48,pmf,2026-05-23,9.97053723212058e-05
2026-04-04,peak week inc flu hosp,NA,NA,49,pmf,2025-10-04,9.976104064136295e-05
2026-04-04,peak week inc flu hosp,NA,NA,49,pmf,2025-10-11,9.976104064136295e-05
2026-04-04,peak week inc flu hosp,NA,NA,49,pmf,2025-10-18,9.976104064136295e-05
2026-04-04,peak week inc flu hosp,NA,NA,49,pmf,2025-10-25,9.976104064136295e-05
2026-04-04,peak week inc flu hosp,NA,NA,49,pmf,2025-11-01,9.976104064136295e-05
2026-04-04,peak week inc flu hosp,NA,NA,49,pmf,2025-11-08,9.976104064136295e-05
2026-04-04,peak week inc flu hosp,NA,NA,49,pmf,2025-11-15,9.976104064136295e-05
2026-04-04,peak week inc flu hosp,NA,NA,49,pmf,2025-11-22,9.976104064136295e-05
2026-04-04,peak week inc flu hosp,NA,NA,49,pmf,2025-11-29,9.976104064136295e-05
2026-04-04,peak week inc flu hosp,NA,NA,49,pmf,2025-12-06,9.976104064136295e-05
2026-04-04,peak week inc flu hosp,NA,NA,49,pmf,2025-12-13,9.976104064136295e-05
2026-04-04,peak week inc flu hosp,NA,NA,49,pmf,2025-12-20,9.976104064136295e-05
2026-04-04,peak week inc flu hosp,NA,NA,49,pmf,2025-12-27,9.976104064136295e-05
2026-04-04,peak week inc flu hosp,NA,NA,49,pmf,2026-01-03,0.9774808562488728
2026-04-04,peak week inc flu hosp,NA,NA,49,pmf,2026-01-10,9.976104064136295e-05
2026-04-04,peak week inc flu hosp,NA,NA,49,pmf,2026-01-17,9.976104064136295e-05
2026-04-04,peak week inc flu hosp,NA,NA,49,pmf,2026-01-24,0.0049871028451097
2026-04-04,peak week inc flu hosp,NA,NA,49,pmf,2026-01-31,0.004987012826649931
2026-04-04,peak week inc flu hosp,NA,NA,49,pmf,2026-02-07,9.976104064136295e-05
2026-04-04,peak week inc flu hosp,NA,NA,49,pmf,2026-02-14,9.976104064136295e-05
2026-04-04,peak week inc flu hosp,NA,NA,49,pmf,2026-02-21,9.976104064136295e-05
2026-04-04,peak week inc flu hosp,NA,NA,49,pmf,2026-02-28,0.004984513344414349
2026-04-04,peak week inc flu hosp,NA,NA,49,pmf,2026-03-07,9.976104064136295e-05
2026-04-04,peak week inc flu hosp,NA,NA,49,pmf,2026-03-14,9.976104064136295e-05
2026-04-04,peak week inc flu hosp,NA,NA,49,pmf,2026-03-21,9.976104064136295e-05
2026-04-04,peak week inc flu hosp,NA,NA,49,pmf,2026-03-28,0.004335884981134921
2026-04-04,peak week inc flu hosp,NA,NA,49,pmf,2026-04-04,0.00014302273210501257
2026-04-04,peak week inc flu hosp,NA,NA,49,pmf,2026-04-11,0.00016854507340867734
2026-04-04,peak week inc flu hosp,NA,NA,49,pmf,2026-04-18,0.00031927489162923435
2026-04-04,peak week inc flu hosp,NA,NA,49,pmf,2026-04-25,9.976104064136295e-05
2026-04-04,peak week inc flu hosp,NA,NA,49,pmf,2026-05-02,9.976104064136295e-05
2026-04-04,peak week inc flu hosp,NA,NA,49,pmf,2026-05-09,9.976104064136295e-05
2026-04-04,peak week inc flu hosp,NA,NA,49,pmf,2026-05-16,9.976104064136295e-05
2026-04-04,peak week inc flu hosp,NA,NA,49,pmf,2026-05-23,9.976104064136295e-05
2026-04-04,peak week inc flu hosp,NA,NA,50,pmf,2025-10-04,9.96973459352891e-05
2026-04-04,peak week inc flu hosp,NA,NA,50,pmf,2025-10-11,9.96973459352891e-05
2026-04-04,peak week inc flu hosp,NA,NA,50,pmf,2025-10-18,9.96973459352891e-05
2026-04-04,peak week inc flu hosp,NA,NA,50,pmf,2025-10-25,9.96973459352891e-05
2026-04-04,peak week inc flu hosp,NA,NA,50,pmf,2025-11-01,9.96973459352891e-05
2026-04-04,peak week inc flu hosp,NA,NA,50,pmf,2025-11-08,9.96973459352891e-05
2026-04-04,peak week inc flu hosp,NA,NA,50,pmf,2025-11-15,9.96973459352891e-05
2026-04-04,peak week inc flu hosp,NA,NA,50,pmf,2025-11-22,9.96973459352891e-05
2026-04-04,peak week inc flu hosp,NA,NA,50,pmf,2025-11-29,9.96973459352891e-05
2026-04-04,peak week inc flu hosp,NA,NA,50,pmf,2025-12-06,9.96973459352891e-05
2026-04-04,peak week inc flu hosp,NA,NA,50,pmf,2025-12-13,9.96973459352891e-05
2026-04-04,peak week inc flu hosp,NA,NA,50,pmf,2025-12-20,9.96973459352891e-05
2026-04-04,peak week inc flu hosp,NA,NA,50,pmf,2025-12-27,9.96973459352891e-05
2026-04-04,peak week inc flu hosp,NA,NA,50,pmf,2026-01-03,0.991825648065059
2026-04-04,peak week inc flu hosp,NA,NA,50,pmf,2026-01-10,9.96973459352891e-05
2026-04-04,peak week inc flu hosp,NA,NA,50,pmf,2026-01-17,9.96973459352891e-05
2026-04-04,peak week inc flu hosp,NA,NA,50,pmf,2026-01-24,9.96973459352891e-05
2026-04-04,peak week inc flu hosp,NA,NA,50,pmf,2026-01-31,9.96973459352891e-05
2026-04-04,peak week inc flu hosp,NA,NA,50,pmf,2026-02-07,0.004984036865011765
2026-04-04,peak week inc flu hosp,NA,NA,50,pmf,2026-02-14,9.96973459352891e-05
2026-04-04,peak week inc flu hosp,NA,NA,50,pmf,2026-02-21,9.96973459352891e-05
2026-04-04,peak week inc flu hosp,NA,NA,50,pmf,2026-02-28,9.96973459352891e-05
2026-04-04,peak week inc flu hosp,NA,NA,50,pmf,2026-03-07,9.96973459352891e-05
2026-04-04,peak week inc flu hosp,NA,NA,50,pmf,2026-03-14,9.96973459352891e-05
2026-04-04,peak week inc flu hosp,NA,NA,50,pmf,2026-03-21,9.96973459352891e-05
2026-04-04,peak week inc flu hosp,NA,NA,50,pmf,2026-03-28,9.96973459352891e-05
2026-04-04,peak week inc flu hosp,NA,NA,50,pmf,2026-04-04,9.96973459352891e-05
2026-04-04,peak week inc flu hosp,NA,NA,50,pmf,2026-04-11,9.96973459352891e-05
2026-04-04,peak week inc flu hosp,NA,NA,50,pmf,2026-04-18,9.96973459352891e-05
2026-04-04,peak week inc flu hosp,NA,NA,50,pmf,2026-04-25,9.96973459352891e-05
2026-04-04,peak week inc flu hosp,NA,NA,50,pmf,2026-05-02,9.96973459352891e-05
2026-04-04,peak week inc flu hosp,NA,NA,50,pmf,2026-05-09,9.96973459352891e-05
2026-04-04,peak week inc flu hosp,NA,NA,50,pmf,2026-05-16,9.96973459352891e-05
2026-04-04,peak week inc flu hosp,NA,NA,50,pmf,2026-05-23,9.96973459352891e-05
2026-04-04,peak week inc flu hosp,NA,NA,51,pmf,2025-10-04,9.968346833624942e-05
2026-04-04,peak week inc flu hosp,NA,NA,51,pmf,2025-10-11,9.968346833624942e-05
2026-04-04,peak week inc flu hosp,NA,NA,51,pmf,2025-10-18,9.968346833624942e-05
2026-04-04,peak week inc flu hosp,NA,NA,51,pmf,2025-10-25,9.968346833624942e-05
2026-04-04,peak week inc flu hosp,NA,NA,51,pmf,2025-11-01,9.968346833624942e-05
2026-04-04,peak week inc flu hosp,NA,NA,51,pmf,2025-11-08,9.968346833624942e-05
2026-04-04,peak week inc flu hosp,NA,NA,51,pmf,2025-11-15,9.968346833624942e-05
2026-04-04,peak week inc flu hosp,NA,NA,51,pmf,2025-11-22,9.968346833624942e-05
2026-04-04,peak week inc flu hosp,NA,NA,51,pmf,2025-11-29,9.968346833624942e-05
2026-04-04,peak week inc flu hosp,NA,NA,51,pmf,2025-12-06,9.968346833624942e-05
2026-04-04,peak week inc flu hosp,NA,NA,51,pmf,2025-12-13,9.968346833624942e-05
2026-04-04,peak week inc flu hosp,NA,NA,51,pmf,2025-12-20,9.968346833624942e-05
2026-04-04,peak week inc flu hosp,NA,NA,51,pmf,2025-12-27,9.968346833624942e-05
2026-04-04,peak week inc flu hosp,NA,NA,51,pmf,2026-01-03,0.996710445544904
2026-04-04,peak week inc flu hosp,NA,NA,51,pmf,2026-01-10,9.968346833624942e-05
2026-04-04,peak week inc flu hosp,NA,NA,51,pmf,2026-01-17,9.968346833624942e-05
2026-04-04,peak week inc flu hosp,NA,NA,51,pmf,2026-01-24,9.968346833624942e-05
2026-04-04,peak week inc flu hosp,NA,NA,51,pmf,2026-01-31,9.968346833624942e-05
2026-04-04,peak week inc flu hosp,NA,NA,51,pmf,2026-02-07,9.968346833624942e-05
2026-04-04,peak week inc flu hosp,NA,NA,51,pmf,2026-02-14,9.968346833624942e-05
2026-04-04,peak week inc flu hosp,NA,NA,51,pmf,2026-02-21,9.968346833624942e-05
2026-04-04,peak week inc flu hosp,NA,NA,51,pmf,2026-02-28,9.968346833624942e-05
2026-04-04,peak week inc flu hosp,NA,NA,51,pmf,2026-03-07,9.968346833624942e-05
2026-04-04,peak week inc flu hosp,NA,NA,51,pmf,2026-03-14,9.968346833624942e-05
2026-04-04,peak week inc flu hosp,NA,NA,51,pmf,2026-03-21,9.968346833624942e-05
2026-04-04,peak week inc flu hosp,NA,NA,51,pmf,2026-03-28,9.968346833624942e-05
2026-04-04,peak week inc flu hosp,NA,NA,51,pmf,2026-04-04,9.968346833624942e-05
2026-04-04,peak week inc flu hosp,NA,NA,51,pmf,2026-04-11,9.968346833624942e-05
2026-04-04,peak week inc flu hosp,NA,NA,51,pmf,2026-04-18,9.968346833624942e-05
2026-04-04,peak week inc flu hosp,NA,NA,51,pmf,2026-04-25,9.968346833624942e-05
2026-04-04,peak week inc flu hosp,NA,NA,51,pmf,2026-05-02,9.968346833624942e-05
2026-04-04,peak week inc flu hosp,NA,NA,51,pmf,2026-05-09,9.968346833624942e-05
2026-04-04,peak week inc flu hosp,NA,NA,51,pmf,2026-05-16,9.968346833624942e-05
2026-04-04,peak week inc flu hosp,NA,NA,51,pmf,2026-05-23,9.968346833624942e-05
2026-04-04,peak week inc flu hosp,NA,NA,53,pmf,2025-10-04,9.974859347231893e-05
2026-04-04,peak week inc flu hosp,NA,NA,53,pmf,2025-10-11,9.974859347231893e-05
2026-04-04,peak week inc flu hosp,NA,NA,53,pmf,2025-10-18,9.974859347231893e-05
2026-04-04,peak week inc flu hosp,NA,NA,53,pmf,2025-10-25,9.974859347231893e-05
2026-04-04,peak week inc flu hosp,NA,NA,53,pmf,2025-11-01,9.974859347231893e-05
2026-04-04,peak week inc flu hosp,NA,NA,53,pmf,2025-11-08,9.974859347231893e-05
2026-04-04,peak week inc flu hosp,NA,NA,53,pmf,2025-11-15,9.974859347231893e-05
2026-04-04,peak week inc flu hosp,NA,NA,53,pmf,2025-11-22,9.974859347231893e-05
2026-04-04,peak week inc flu hosp,NA,NA,53,pmf,2025-11-29,9.974859347231893e-05
2026-04-04,peak week inc flu hosp,NA,NA,53,pmf,2025-12-06,9.974859347231893e-05
2026-04-04,peak week inc flu hosp,NA,NA,53,pmf,2025-12-13,9.974859347231893e-05
2026-04-04,peak week inc flu hosp,NA,NA,53,pmf,2025-12-20,9.974859347231893e-05
2026-04-04,peak week inc flu hosp,NA,NA,53,pmf,2025-12-27,9.974859347231893e-05
2026-04-04,peak week inc flu hosp,NA,NA,53,pmf,2026-01-03,9.974859347231893e-05
2026-04-04,peak week inc flu hosp,NA,NA,53,pmf,2026-01-10,9.974859347231893e-05
2026-04-04,peak week inc flu hosp,NA,NA,53,pmf,2026-01-17,9.974859347231893e-05
2026-04-04,peak week inc flu hosp,NA,NA,53,pmf,2026-01-24,0.0049867306580637805
2026-04-04,peak week inc flu hosp,NA,NA,53,pmf,2026-01-31,0.02493275685380898
2026-04-04,peak week inc flu hosp,NA,NA,53,pmf,2026-02-07,0.9473776037953076
2026-04-04,peak week inc flu hosp,NA,NA,53,pmf,2026-02-14,0.00996770846929286
2026-04-04,peak week inc flu hosp,NA,NA,53,pmf,2026-02-21,0.004986634847885299
2026-04-04,peak week inc flu hosp,NA,NA,53,pmf,2026-02-28,9.974859347231893e-05
2026-04-04,peak week inc flu hosp,NA,NA,53,pmf,2026-03-07,9.974859347231893e-05
2026-04-04,peak week inc flu hosp,NA,NA,53,pmf,2026-03-14,9.974859347231893e-05
2026-04-04,peak week inc flu hosp,NA,NA,53,pmf,2026-03-21,0.004955604758416678
2026-04-04,peak week inc flu hosp,NA,NA,53,pmf,2026-03-28,9.974859347231893e-05
2026-04-04,peak week inc flu hosp,NA,NA,53,pmf,2026-04-04,9.974859347231893e-05
2026-04-04,peak week inc flu hosp,NA,NA,53,pmf,2026-04-11,9.974859347231893e-05
2026-04-04,peak week inc flu hosp,NA,NA,53,pmf,2026-04-18,9.974859347231893e-05
2026-04-04,peak week inc flu hosp,NA,NA,53,pmf,2026-04-25,9.974859347231893e-05
2026-04-04,peak week inc flu hosp,NA,NA,53,pmf,2026-05-02,9.974859347231893e-05
2026-04-04,peak week inc flu hosp,NA,NA,53,pmf,2026-05-09,9.974859347231893e-05
2026-04-04,peak week inc flu hosp,NA,NA,53,pmf,2026-05-16,9.974859347231893e-05
2026-04-04,peak week inc flu hosp,NA,NA,53,pmf,2026-05-23,9.974859347231893e-05
2026-04-04,peak week inc flu hosp,NA,NA,54,pmf,2025-10-04,9.978649759599559e-05
2026-04-04,peak week inc flu hosp,NA,NA,54,pmf,2025-10-11,9.978649759599559e-05
2026-04-04,peak week inc flu hosp,NA,NA,54,pmf,2025-10-18,9.978649759599559e-05
2026-04-04,peak week inc flu hosp,NA,NA,54,pmf,2025-10-25,9.978649759599559e-05
2026-04-04,peak week inc flu hosp,NA,NA,54,pmf,2025-11-01,9.978649759599559e-05
2026-04-04,peak week inc flu hosp,NA,NA,54,pmf,2025-11-08,9.978649759599559e-05
2026-04-04,peak week inc flu hosp,NA,NA,54,pmf,2025-11-15,9.978649759599559e-05
2026-04-04,peak week inc flu hosp,NA,NA,54,pmf,2025-11-22,9.978649759599559e-05
2026-04-04,peak week inc flu hosp,NA,NA,54,pmf,2025-11-29,9.978649759599559e-05
2026-04-04,peak week inc flu hosp,NA,NA,54,pmf,2025-12-06,9.978649759599559e-05
2026-04-04,peak week inc flu hosp,NA,NA,54,pmf,2025-12-13,9.978649759599559e-05
2026-04-04,peak week inc flu hosp,NA,NA,54,pmf,2025-12-20,9.978649759599559e-05
2026-04-04,peak week inc flu hosp,NA,NA,54,pmf,2025-12-27,9.978649759599559e-05
2026-04-04,peak week inc flu hosp,NA,NA,54,pmf,2026-01-03,0.9224182273281017
2026-04-04,peak week inc flu hosp,NA,NA,54,pmf,2026-01-10,9.978649759599559e-05
2026-04-04,peak week inc flu hosp,NA,NA,54,pmf,2026-01-17,9.978649759599559e-05
2026-04-04,peak week inc flu hosp,NA,NA,54,pmf,2026-01-24,0.014964292603126678
2026-04-04,peak week inc flu hosp,NA,NA,54,pmf,2026-01-31,0.03491208021594024
2026-04-04,peak week inc flu hosp,NA,NA,54,pmf,2026-02-07,9.978649759599559e-05
2026-04-04,peak week inc flu hosp,NA,NA,54,pmf,2026-02-14,0.004988260094968826
2026-04-04,peak week inc flu hosp,NA,NA,54,pmf,2026-02-21,9.978649759599559e-05
2026-04-04,peak week inc flu hosp,NA,NA,54,pmf,2026-02-28,0.009977228013449555
2026-04-04,peak week inc flu hosp,NA,NA,54,pmf,2026-03-07,0.004988103472247386
2026-04-04,peak week inc flu hosp,NA,NA,54,pmf,2026-03-14,0.004970879936067663
2026-04-04,peak week inc flu hosp,NA,NA,54,pmf,2026-03-21,9.978649759599559e-05
2026-04-04,peak week inc flu hosp,NA,NA,54,pmf,2026-03-28,9.978649759599559e-05
2026-04-04,peak week inc flu hosp,NA,NA,54,pmf,2026-04-04,9.978649759599559e-05
2026-04-04,peak week inc flu hosp,NA,NA,54,pmf,2026-04-11,9.978649759599559e-05
2026-04-04,peak week inc flu hosp,NA,NA,54,pmf,2026-04-18,0.0001275573402205369
2026-04-04,peak week inc flu hosp,NA,NA,54,pmf,2026-04-25,0.00015392755149272534
2026-04-04,peak week inc flu hosp,NA,NA,54,pmf,2026-05-02,0.00010456750208067526
2026-04-04,peak week inc flu hosp,NA,NA,54,pmf,2026-05-09,9.978649759599559e-05
2026-04-04,peak week inc flu hosp,NA,NA,54,pmf,2026-05-16,9.978649759599559e-05
2026-04-04,peak week inc flu hosp,NA,NA,54,pmf,2026-05-23,9.978649759599559e-05
2026-04-04,peak week inc flu hosp,NA,NA,55,pmf,2025-10-04,9.968364102919843e-05
2026-04-04,peak week inc flu hosp,NA,NA,55,pmf,2025-10-11,9.968364102919843e-05
2026-04-04,peak week inc flu hosp,NA,NA,55,pmf,2025-10-18,9.968364102919843e-05
2026-04-04,peak week inc flu hosp,NA,NA,55,pmf,2025-10-25,9.968364102919843e-05
2026-04-04,peak week inc flu hosp,NA,NA,55,pmf,2025-11-01,9.968364102919843e-05
2026-04-04,peak week inc flu hosp,NA,NA,55,pmf,2025-11-08,9.968364102919843e-05
2026-04-04,peak week inc flu hosp,NA,NA,55,pmf,2025-11-15,9.968364102919843e-05
2026-04-04,peak week inc flu hosp,NA,NA,55,pmf,2025-11-22,9.968364102919843e-05
2026-04-04,peak week inc flu hosp,NA,NA,55,pmf,2025-11-29,9.968364102919843e-05
2026-04-04,peak week inc flu hosp,NA,NA,55,pmf,2025-12-06,9.968364102919843e-05
2026-04-04,peak week inc flu hosp,NA,NA,55,pmf,2025-12-13,9.968364102919843e-05
2026-04-04,peak week inc flu hosp,NA,NA,55,pmf,2025-12-20,9.968364102919843e-05
2026-04-04,peak week inc flu hosp,NA,NA,55,pmf,2025-12-27,9.968364102919843e-05
2026-04-04,peak week inc flu hosp,NA,NA,55,pmf,2026-01-03,0.9967104398460365
2026-04-04,peak week inc flu hosp,NA,NA,55,pmf,2026-01-10,9.968364102919843e-05
2026-04-04,peak week inc flu hosp,NA,NA,55,pmf,2026-01-17,9.968364102919843e-05
2026-04-04,peak week inc flu hosp,NA,NA,55,pmf,2026-01-24,9.968364102919843e-05
2026-04-04,peak week inc flu hosp,NA,NA,55,pmf,2026-01-31,9.968364102919843e-05
2026-04-04,peak week inc flu hosp,NA,NA,55,pmf,2026-02-07,9.968364102919843e-05
2026-04-04,peak week inc flu hosp,NA,NA,55,pmf,2026-02-14,9.968364102919843e-05
2026-04-04,peak week inc flu hosp,NA,NA,55,pmf,2026-02-21,9.968364102919843e-05
2026-04-04,peak week inc flu hosp,NA,NA,55,pmf,2026-02-28,9.968364102919843e-05
2026-04-04,peak week inc flu hosp,NA,NA,55,pmf,2026-03-07,9.968364102919843e-05
2026-04-04,peak week inc flu hosp,NA,NA,55,pmf,2026-03-14,9.968364102919843e-05
2026-04-04,peak week inc flu hosp,NA,NA,55,pmf,2026-03-21,9.968364102919843e-05
2026-04-04,peak week inc flu hosp,NA,NA,55,pmf,2026-03-28,9.968364102919843e-05
2026-04-04,peak week inc flu hosp,NA,NA,55,pmf,2026-04-04,9.968364102919843e-05
2026-04-04,peak week inc flu hosp,NA,NA,55,pmf,2026-04-11,9.968364102919843e-05
2026-04-04,peak week inc flu hosp,NA,NA,55,pmf,2026-04-18,9.968364102919843e-05
2026-04-04,peak week inc flu hosp,NA,NA,55,pmf,2026-04-25,9.968364102919843e-05
2026-04-04,peak week inc flu hosp,NA,NA,55,pmf,2026-05-02,9.968364102919843e-05
2026-04-04,peak week inc flu hosp,NA,NA,55,pmf,2026-05-09,9.968364102919843e-05
2026-04-04,peak week inc flu hosp,NA,NA,55,pmf,2026-05-16,9.968364102919843e-05
2026-04-04,peak week inc flu hosp,NA,NA,55,pmf,2026-05-23,9.968364102919843e-05
2026-04-04,peak week inc flu hosp,NA,NA,56,pmf,2025-10-04,9.976554988355899e-05
2026-04-04,peak week inc flu hosp,NA,NA,56,pmf,2025-10-11,9.976554988355899e-05
2026-04-04,peak week inc flu hosp,NA,NA,56,pmf,2025-10-18,9.976554988355899e-05
2026-04-04,peak week inc flu hosp,NA,NA,56,pmf,2025-10-25,9.976554988355899e-05
2026-04-04,peak week inc flu hosp,NA,NA,56,pmf,2025-11-01,9.976554988355899e-05
2026-04-04,peak week inc flu hosp,NA,NA,56,pmf,2025-11-08,9.976554988355899e-05
2026-04-04,peak week inc flu hosp,NA,NA,56,pmf,2025-11-15,9.976554988355899e-05
2026-04-04,peak week inc flu hosp,NA,NA,56,pmf,2025-11-22,9.976554988355899e-05
2026-04-04,peak week inc flu hosp,NA,NA,56,pmf,2025-11-29,9.976554988355899e-05
2026-04-04,peak week inc flu hosp,NA,NA,56,pmf,2025-12-06,9.976554988355899e-05
2026-04-04,peak week inc flu hosp,NA,NA,56,pmf,2025-12-13,9.976554988355899e-05
2026-04-04,peak week inc flu hosp,NA,NA,56,pmf,2025-12-20,9.976554988355899e-05
2026-04-04,peak week inc flu hosp,NA,NA,56,pmf,2025-12-27,9.976554988355899e-05
2026-04-04,peak week inc flu hosp,NA,NA,56,pmf,2026-01-03,0.9775001559779004
2026-04-04,peak week inc flu hosp,NA,NA,56,pmf,2026-01-10,9.976554988355899e-05
2026-04-04,peak week inc flu hosp,NA,NA,56,pmf,2026-01-17,9.976554988355899e-05
2026-04-04,peak week inc flu hosp,NA,NA,56,pmf,2026-01-24,0.004987506206095746
2026-04-04,peak week inc flu hosp,NA,NA,56,pmf,2026-01-31,9.976554988355899e-05
2026-04-04,peak week inc flu hosp,NA,NA,56,pmf,2026-02-07,9.976554988355899e-05
2026-04-04,peak week inc flu hosp,NA,NA,56,pmf,2026-02-14,9.976554988355899e-05
2026-04-04,peak week inc flu hosp,NA,NA,56,pmf,2026-02-21,9.976554988355899e-05
2026-04-04,peak week inc flu hosp,NA,NA,56,pmf,2026-02-28,0.009970449909013945
2026-04-04,peak week inc flu hosp,NA,NA,56,pmf,2026-03-07,9.976554988355899e-05
2026-04-04,peak week inc flu hosp,NA,NA,56,pmf,2026-03-14,9.976554988355899e-05
2026-04-04,peak week inc flu hosp,NA,NA,56,pmf,2026-03-21,9.976554988355899e-05
2026-04-04,peak week inc flu hosp,NA,NA,56,pmf,2026-03-28,0.0038727925143078957
2026-04-04,peak week inc flu hosp,NA,NA,56,pmf,2026-04-04,0.00015248984314361646
2026-04-04,peak week inc flu hosp,NA,NA,56,pmf,2026-04-11,0.00016241219529074044
2026-04-04,peak week inc flu hosp,NA,NA,56,pmf,2026-04-18,0.0005860725596542585
2026-04-04,peak week inc flu hosp,NA,NA,56,pmf,2026-04-25,0.0001742164976209611
2026-04-04,peak week inc flu hosp,NA,NA,56,pmf,2026-05-02,9.976554988355899e-05
2026-04-04,peak week inc flu hosp,NA,NA,56,pmf,2026-05-09,9.976554988355899e-05
2026-04-04,peak week inc flu hosp,NA,NA,56,pmf,2026-05-16,9.976554988355899e-05
2026-04-04,peak week inc flu hosp,NA,NA,56,pmf,2026-05-23,9.976554988355899e-05
2026-04-04,peak week inc flu hosp,NA,NA,72,pmf,2025-10-04,9.974318688866102e-05
2026-04-04,peak week inc flu hosp,NA,NA,72,pmf,2025-10-11,9.974318688866102e-05
2026-04-04,peak week inc flu hosp,NA,NA,72,pmf,2025-10-18,9.974318688866102e-05
2026-04-04,peak week inc flu hosp,NA,NA,72,pmf,2025-10-25,9.974318688866102e-05
2026-04-04,peak week inc flu hosp,NA,NA,72,pmf,2025-11-01,9.974318688866102e-05
2026-04-04,peak week inc flu hosp,NA,NA,72,pmf,2025-11-08,9.974318688866102e-05
2026-04-04,peak week inc flu hosp,NA,NA,72,pmf,2025-11-15,9.974318688866102e-05
2026-04-04,peak week inc flu hosp,NA,NA,72,pmf,2025-11-22,9.974318688866102e-05
2026-04-04,peak week inc flu hosp,NA,NA,72,pmf,2025-11-29,9.974318688866102e-05
2026-04-04,peak week inc flu hosp,NA,NA,72,pmf,2025-12-06,9.974318688866102e-05
2026-04-04,peak week inc flu hosp,NA,NA,72,pmf,2025-12-13,9.974318688866102e-05
2026-04-04,peak week inc flu hosp,NA,NA,72,pmf,2025-12-20,9.974318688866102e-05
2026-04-04,peak week inc flu hosp,NA,NA,72,pmf,2025-12-27,9.974318688866102e-05
2026-04-04,peak week inc flu hosp,NA,NA,72,pmf,2026-01-03,0.9720403690852268
2026-04-04,peak week inc flu hosp,NA,NA,72,pmf,2026-01-10,9.974318688866102e-05
2026-04-04,peak week inc flu hosp,NA,NA,72,pmf,2026-01-17,9.974318688866102e-05
2026-04-04,peak week inc flu hosp,NA,NA,72,pmf,2026-01-24,0.009971090263969024
2026-04-04,peak week inc flu hosp,NA,NA,72,pmf,2026-01-31,0.004986375543548138
2026-04-04,peak week inc flu hosp,NA,NA,72,pmf,2026-02-07,9.974318688866102e-05
2026-04-04,peak week inc flu hosp,NA,NA,72,pmf,2026-02-14,0.009965184795576204
2026-04-04,peak week inc flu hosp,NA,NA,72,pmf,2026-02-21,9.974318688866102e-05
2026-04-04,peak week inc flu hosp,NA,NA,72,pmf,2026-02-28,9.974318688866102e-05
2026-04-04,peak week inc flu hosp,NA,NA,72,pmf,2026-03-07,9.974318688866102e-05
2026-04-04,peak week inc flu hosp,NA,NA,72,pmf,2026-03-14,9.974318688866102e-05
2026-04-04,peak week inc flu hosp,NA,NA,72,pmf,2026-03-21,9.974318688866102e-05
2026-04-04,peak week inc flu hosp,NA,NA,72,pmf,2026-03-28,9.974318688866102e-05
2026-04-04,peak week inc flu hosp,NA,NA,72,pmf,2026-04-04,9.974318688866102e-05
2026-04-04,peak week inc flu hosp,NA,NA,72,pmf,2026-04-11,9.974318688866102e-05
2026-04-04,peak week inc flu hosp,NA,NA,72,pmf,2026-04-18,9.974318688866102e-05
2026-04-04,peak week inc flu hosp,NA,NA,72,pmf,2026-04-25,0.00011633156685780249
2026-04-04,peak week inc flu hosp,NA,NA,72,pmf,2026-05-02,0.00012783951193952417
2026-04-04,peak week inc flu hosp,NA,NA,72,pmf,2026-05-09,9.974318688866102e-05
2026-04-04,peak week inc flu hosp,NA,NA,72,pmf,2026-05-16,9.974318688866102e-05
2026-04-04,peak week inc flu hosp,NA,NA,72,pmf,2026-05-23,9.974318688866102e-05
2026-04-04,peak week inc flu hosp,NA,NA,US,pmf,2025-10-04,9.970345126990288e-05
2026-04-04,peak week inc flu hosp,NA,NA,US,pmf,2025-10-11,9.970345126990288e-05
2026-04-04,peak week inc flu hosp,NA,NA,US,pmf,2025-10-18,9.970345126990288e-05
2026-04-04,peak week inc flu hosp,NA,NA,US,pmf,2025-10-25,9.970345126990288e-05
2026-04-04,peak week inc flu hosp,NA,NA,US,pmf,2025-11-01,9.970345126990288e-05
2026-04-04,peak week inc flu hosp,NA,NA,US,pmf,2025-11-08,9.970345126990288e-05
2026-04-04,peak week inc flu hosp,NA,NA,US,pmf,2025-11-15,9.970345126990288e-05
2026-04-04,peak week inc flu hosp,NA,NA,US,pmf,2025-11-22,9.970345126990288e-05
2026-04-04,peak week inc flu hosp,NA,NA,US,pmf,2025-11-29,9.970345126990288e-05
2026-04-04,peak week inc flu hosp,NA,NA,US,pmf,2025-12-06,9.970345126990288e-05
2026-04-04,peak week inc flu hosp,NA,NA,US,pmf,2025-12-13,9.970345126990288e-05
2026-04-04,peak week inc flu hosp,NA,NA,US,pmf,2025-12-20,9.970345126990288e-05
2026-04-04,peak week inc flu hosp,NA,NA,US,pmf,2025-12-27,9.970345126990288e-05
2026-04-04,peak week inc flu hosp,NA,NA,US,pmf,2026-01-03,0.986944180409612
2026-04-04,peak week inc flu hosp,NA,NA,US,pmf,2026-01-10,9.970345126990288e-05
2026-04-04,peak week inc flu hosp,NA,NA,US,pmf,2026-01-17,9.970345126990288e-05
2026-04-04,peak week inc flu hosp,NA,NA,US,pmf,2026-01-24,9.970345126990288e-05
2026-04-04,peak week inc flu hosp,NA,NA,US,pmf,2026-01-31,9.970345126990288e-05
2026-04-04,peak week inc flu hosp,NA,NA,US,pmf,2026-02-07,9.970345126990288e-05
2026-04-04,peak week inc flu hosp,NA,NA,US,pmf,2026-02-14,9.970345126990288e-05
2026-04-04,peak week inc flu hosp,NA,NA,US,pmf,2026-02-21,0.00498241345022249
2026-04-04,peak week inc flu hosp,NA,NA,US,pmf,2026-02-28,9.970345126990288e-05
2026-04-04,peak week inc flu hosp,NA,NA,US,pmf,2026-03-07,9.970345126990288e-05
2026-04-04,peak week inc flu hosp,NA,NA,US,pmf,2026-03-14,0.0049825991507986365
2026-04-04,peak week inc flu hosp,NA,NA,US,pmf,2026-03-21,9.970345126990288e-05
2026-04-04,peak week inc flu hosp,NA,NA,US,pmf,2026-03-28,9.970345126990288e-05
2026-04-04,peak week inc flu hosp,NA,NA,US,pmf,2026-04-04,9.970345126990288e-05
2026-04-04,peak week inc flu hosp,NA,NA,US,pmf,2026-04-11,9.970345126990288e-05
2026-04-04,peak week inc flu hosp,NA,NA,US,pmf,2026-04-18,9.970345126990288e-05
2026-04-04,peak week inc flu hosp,NA,NA,US,pmf,2026-04-25,9.970345126990288e-05
2026-04-04,peak week inc flu hosp,NA,NA,US,pmf,2026-05-02,9.970345126990288e-05
2026-04-04,peak week inc flu hosp,NA,NA,US,pmf,2026-05-09,9.970345126990288e-05
2026-04-04,peak week inc flu hosp,NA,NA,US,pmf,2026-05-16,9.970345126990288e-05
2026-04-04,peak week inc flu hosp,NA,NA,US,pmf,2026-05-23,9.970345126990288e-05
