location,reference_date,horizon,target_end_date,target,output_type,output_type_id,value
01,2026-02-14,0,2026-02-14,wk inc flu hosp,quantile,0.01,158.17023870621537
02,2026-02-14,0,2026-02-14,wk inc flu hosp,quantile,0.01,1.7938930554738044
04,2026-02-14,0,2026-02-14,wk inc flu hosp,quantile,0.01,173.80032811269888
05,2026-02-14,0,2026-02-14,wk inc flu hosp,quantile,0.01,74.0156880685975
06,2026-02-14,0,2026-02-14,wk inc flu hosp,quantile,0.01,917.4192609011749
08,2026-02-14,0,2026-02-14,wk inc flu hosp,quantile,0.01,41.982456165383866
09,2026-02-14,0,2026-02-14,wk inc flu hosp,quantile,0.01,13.169286518949775
10,2026-02-14,0,2026-02-14,wk inc flu hosp,quantile,0.01,8.38093747474678
11,2026-02-14,0,2026-02-14,wk inc flu hosp,quantile,0.01,0.0
12,2026-02-14,0,2026-02-14,wk inc flu hosp,quantile,0.01,774.7389083165189
13,2026-02-14,0,2026-02-14,wk inc flu hosp,quantile,0.01,158.98856425799357
15,2026-02-14,0,2026-02-14,wk inc flu hosp,quantile,0.01,8.013755205043362
16,2026-02-14,0,2026-02-14,wk inc flu hosp,quantile,0.01,41.685175673121
17,2026-02-14,0,2026-02-14,wk inc flu hosp,quantile,0.01,205.49386992720474
18,2026-02-14,0,2026-02-14,wk inc flu hosp,quantile,0.01,155.37123963907658
19,2026-02-14,0,2026-02-14,wk inc flu hosp,quantile,0.01,65.72870713488068
20,2026-02-14,0,2026-02-14,wk inc flu hosp,quantile,0.01,69.39323196550845
21,2026-02-14,0,2026-02-14,wk inc flu hosp,quantile,0.01,88.83738896478998
22,2026-02-14,0,2026-02-14,wk inc flu hosp,quantile,0.01,125.85151844371157
23,2026-02-14,0,2026-02-14,wk inc flu hosp,quantile,0.01,16.94939233640051
24,2026-02-14,0,2026-02-14,wk inc flu hosp,quantile,0.01,22.971040512333616
25,2026-02-14,0,2026-02-14,wk inc flu hosp,quantile,0.01,38.58001662368143
26,2026-02-14,0,2026-02-14,wk inc flu hosp,quantile,0.01,110.42309065522124
27,2026-02-14,0,2026-02-14,wk inc flu hosp,quantile,0.01,54.13679131044958
28,2026-02-14,0,2026-02-14,wk inc flu hosp,quantile,0.01,83.70950604148238
29,2026-02-14,0,2026-02-14,wk inc flu hosp,quantile,0.01,118.43143518580256
30,2026-02-14,0,2026-02-14,wk inc flu hosp,quantile,0.01,20.133539474762337
31,2026-02-14,0,2026-02-14,wk inc flu hosp,quantile,0.01,48.743280028684644
32,2026-02-14,0,2026-02-14,wk inc flu hosp,quantile,0.01,38.11241420922203
33,2026-02-14,0,2026-02-14,wk inc flu hosp,quantile,0.01,10.478741133332713
34,2026-02-14,0,2026-02-14,wk inc flu hosp,quantile,0.01,78.84438525474124
35,2026-02-14,0,2026-02-14,wk inc flu hosp,quantile,0.01,60.795486192445786
36,2026-02-14,0,2026-02-14,wk inc flu hosp,quantile,0.01,77.80567732223896
37,2026-02-14,0,2026-02-14,wk inc flu hosp,quantile,0.01,142.41853706761742
38,2026-02-14,0,2026-02-14,wk inc flu hosp,quantile,0.01,9.86204356828245
39,2026-02-14,0,2026-02-14,wk inc flu hosp,quantile,0.01,209.32559899118561
40,2026-02-14,0,2026-02-14,wk inc flu hosp,quantile,0.01,74.99236890424301
41,2026-02-14,0,2026-02-14,wk inc flu hosp,quantile,0.01,166.8854801185078
42,2026-02-14,0,2026-02-14,wk inc flu hosp,quantile,0.01,309.2898764724332
44,2026-02-14,0,2026-02-14,wk inc flu hosp,quantile,0.01,4.877919865792619
45,2026-02-14,0,2026-02-14,wk inc flu hosp,quantile,0.01,67.90755413977371
46,2026-02-14,0,2026-02-14,wk inc flu hosp,quantile,0.01,17.10650102222177
47,2026-02-14,0,2026-02-14,wk inc flu hosp,quantile,0.01,127.99441149981264
48,2026-02-14,0,2026-02-14,wk inc flu hosp,quantile,0.01,688.6111103538357
49,2026-02-14,0,2026-02-14,wk inc flu hosp,quantile,0.01,33.624357486222955
50,2026-02-14,0,2026-02-14,wk inc flu hosp,quantile,0.01,8.934898613124231
51,2026-02-14,0,2026-02-14,wk inc flu hosp,quantile,0.01,101.01150158707486
53,2026-02-14,0,2026-02-14,wk inc flu hosp,quantile,0.01,176.00171331727498
54,2026-02-14,0,2026-02-14,wk inc flu hosp,quantile,0.01,51.64271625669246
55,2026-02-14,0,2026-02-14,wk inc flu hosp,quantile,0.01,84.46938366084508
56,2026-02-14,0,2026-02-14,wk inc flu hosp,quantile,0.01,4.732576228057853
72,2026-02-14,0,2026-02-14,wk inc flu hosp,quantile,0.01,69.73368246061438
01,2026-02-14,1,2026-02-21,wk inc flu hosp,quantile,0.01,131.79381357703224
02,2026-02-14,1,2026-02-21,wk inc flu hosp,quantile,0.01,0.9971418859181488
04,2026-02-14,1,2026-02-21,wk inc flu hosp,quantile,0.01,150.93581235488162
05,2026-02-14,1,2026-02-21,wk inc flu hosp,quantile,0.01,58.32149925377059
06,2026-02-14,1,2026-02-21,wk inc flu hosp,quantile,0.01,758.0227639804582
08,2026-02-14,1,2026-02-21,wk inc flu hosp,quantile,0.01,31.59044997389153
09,2026-02-14,1,2026-02-21,wk inc flu hosp,quantile,0.01,8.17410539265819
10,2026-02-14,1,2026-02-21,wk inc flu hosp,quantile,0.01,5.54267216268375
11,2026-02-14,1,2026-02-21,wk inc flu hosp,quantile,0.01,0.0
12,2026-02-14,1,2026-02-21,wk inc flu hosp,quantile,0.01,638.083235763647
13,2026-02-14,1,2026-02-21,wk inc flu hosp,quantile,0.01,128.0139344781274
15,2026-02-14,1,2026-02-21,wk inc flu hosp,quantile,0.01,5.8629011529620705
16,2026-02-14,1,2026-02-21,wk inc flu hosp,quantile,0.01,34.53127288890169
17,2026-02-14,1,2026-02-21,wk inc flu hosp,quantile,0.01,159.35655199611793
18,2026-02-14,1,2026-02-21,wk inc flu hosp,quantile,0.01,126.39860017770039
19,2026-02-14,1,2026-02-21,wk inc flu hosp,quantile,0.01,51.33484801968931
20,2026-02-14,1,2026-02-21,wk inc flu hosp,quantile,0.01,55.95129963396872
21,2026-02-14,1,2026-02-21,wk inc flu hosp,quantile,0.01,69.51806611885536
22,2026-02-14,1,2026-02-21,wk inc flu hosp,quantile,0.01,103.10790004446248
23,2026-02-14,1,2026-02-21,wk inc flu hosp,quantile,0.01,12.491766277296545
24,2026-02-14,1,2026-02-21,wk inc flu hosp,quantile,0.01,14.687563195790833
25,2026-02-14,1,2026-02-21,wk inc flu hosp,quantile,0.01,25.935042273798352
26,2026-02-14,1,2026-02-21,wk inc flu hosp,quantile,0.01,84.68544516596876
27,2026-02-14,1,2026-02-21,wk inc flu hosp,quantile,0.01,38.76653354962462
28,2026-02-14,1,2026-02-21,wk inc flu hosp,quantile,0.01,73.52062668715259
29,2026-02-14,1,2026-02-21,wk inc flu hosp,quantile,0.01,90.89789371683912
30,2026-02-14,1,2026-02-21,wk inc flu hosp,quantile,0.01,16.296897616606223
31,2026-02-14,1,2026-02-21,wk inc flu hosp,quantile,0.01,39.514242110336994
32,2026-02-14,1,2026-02-21,wk inc flu hosp,quantile,0.01,30.287292006183208
33,2026-02-14,1,2026-02-21,wk inc flu hosp,quantile,0.01,7.300638682230226
34,2026-02-14,1,2026-02-21,wk inc flu hosp,quantile,0.01,58.23918642904261
35,2026-02-14,1,2026-02-21,wk inc flu hosp,quantile,0.01,51.00601944402589
36,2026-02-14,1,2026-02-21,wk inc flu hosp,quantile,0.01,53.49574305505075
37,2026-02-14,1,2026-02-21,wk inc flu hosp,quantile,0.01,108.17805330365366
38,2026-02-14,1,2026-02-21,wk inc flu hosp,quantile,0.01,7.634521765183811
39,2026-02-14,1,2026-02-21,wk inc flu hosp,quantile,0.01,160.9333044782476
40,2026-02-14,1,2026-02-21,wk inc flu hosp,quantile,0.01,58.57502123441009
41,2026-02-14,1,2026-02-21,wk inc flu hosp,quantile,0.01,138.4404398952614
42,2026-02-14,1,2026-02-21,wk inc flu hosp,quantile,0.01,236.13725066899912
44,2026-02-14,1,2026-02-21,wk inc flu hosp,quantile,0.01,2.8265456195969216
45,2026-02-14,1,2026-02-21,wk inc flu hosp,quantile,0.01,52.61532474714347
46,2026-02-14,1,2026-02-21,wk inc flu hosp,quantile,0.01,13.459976967807263
47,2026-02-14,1,2026-02-21,wk inc flu hosp,quantile,0.01,101.42459575531038
48,2026-02-14,1,2026-02-21,wk inc flu hosp,quantile,0.01,566.8870402596259
49,2026-02-14,1,2026-02-21,wk inc flu hosp,quantile,0.01,27.743986801753977
50,2026-02-14,1,2026-02-21,wk inc flu hosp,quantile,0.01,6.846994712954962
51,2026-02-14,1,2026-02-21,wk inc flu hosp,quantile,0.01,77.17571612543158
53,2026-02-14,1,2026-02-21,wk inc flu hosp,quantile,0.01,146.39340398376527
54,2026-02-14,1,2026-02-21,wk inc flu hosp,quantile,0.01,40.74235832490064
55,2026-02-14,1,2026-02-21,wk inc flu hosp,quantile,0.01,64.15108824725715
56,2026-02-14,1,2026-02-21,wk inc flu hosp,quantile,0.01,3.9330390078884303
72,2026-02-14,1,2026-02-21,wk inc flu hosp,quantile,0.01,56.00703938093544
01,2026-02-14,2,2026-02-28,wk inc flu hosp,quantile,0.01,109.91190066998612
02,2026-02-14,2,2026-02-28,wk inc flu hosp,quantile,0.01,0.5746824793366369
04,2026-02-14,2,2026-02-28,wk inc flu hosp,quantile,0.01,138.08577986807688
05,2026-02-14,2,2026-02-28,wk inc flu hosp,quantile,0.01,47.48325864871123
06,2026-02-14,2,2026-02-28,wk inc flu hosp,quantile,0.01,626.8790358570621
08,2026-02-14,2,2026-02-28,wk inc flu hosp,quantile,0.01,24.998345233646482
09,2026-02-14,2,2026-02-28,wk inc flu hosp,quantile,0.01,5.858317793481839
10,2026-02-14,2,2026-02-28,wk inc flu hosp,quantile,0.01,2.7663227955627856
11,2026-02-14,2,2026-02-28,wk inc flu hosp,quantile,0.01,0.0
12,2026-02-14,2,2026-02-28,wk inc flu hosp,quantile,0.01,530.9967414571181
13,2026-02-14,2,2026-02-28,wk inc flu hosp,quantile,0.01,109.02588656843794
15,2026-02-14,2,2026-02-28,wk inc flu hosp,quantile,0.01,4.4653849637467795
16,2026-02-14,2,2026-02-28,wk inc flu hosp,quantile,0.01,28.663881620921607
17,2026-02-14,2,2026-02-28,wk inc flu hosp,quantile,0.01,126.64738702019783
18,2026-02-14,2,2026-02-28,wk inc flu hosp,quantile,0.01,105.80013014025657
19,2026-02-14,2,2026-02-28,wk inc flu hosp,quantile,0.01,37.31426625076567
20,2026-02-14,2,2026-02-28,wk inc flu hosp,quantile,0.01,42.867279863397926
21,2026-02-14,2,2026-02-28,wk inc flu hosp,quantile,0.01,55.04340087414388
22,2026-02-14,2,2026-02-28,wk inc flu hosp,quantile,0.01,85.40919498985676
23,2026-02-14,2,2026-02-28,wk inc flu hosp,quantile,0.01,8.21274449330343
24,2026-02-14,2,2026-02-28,wk inc flu hosp,quantile,0.01,9.490334567088741
25,2026-02-14,2,2026-02-28,wk inc flu hosp,quantile,0.01,19.57952330729112
26,2026-02-14,2,2026-02-28,wk inc flu hosp,quantile,0.01,69.52280513701551
27,2026-02-14,2,2026-02-28,wk inc flu hosp,quantile,0.01,27.224683572258254
28,2026-02-14,2,2026-02-28,wk inc flu hosp,quantile,0.01,66.07251886755482
29,2026-02-14,2,2026-02-28,wk inc flu hosp,quantile,0.01,70.33398142373194
30,2026-02-14,2,2026-02-28,wk inc flu hosp,quantile,0.01,12.411489645301302
31,2026-02-14,2,2026-02-28,wk inc flu hosp,quantile,0.01,28.840964664591876
32,2026-02-14,2,2026-02-28,wk inc flu hosp,quantile,0.01,25.64453159428964
33,2026-02-14,2,2026-02-28,wk inc flu hosp,quantile,0.01,4.410459533573345
34,2026-02-14,2,2026-02-28,wk inc flu hosp,quantile,0.01,46.809253442890245
35,2026-02-14,2,2026-02-28,wk inc flu hosp,quantile,0.01,43.48973709820045
36,2026-02-14,2,2026-02-28,wk inc flu hosp,quantile,0.01,38.55144794386913
37,2026-02-14,2,2026-02-28,wk inc flu hosp,quantile,0.01,85.59028472972645
38,2026-02-14,2,2026-02-28,wk inc flu hosp,quantile,0.01,5.203608995121714
39,2026-02-14,2,2026-02-28,wk inc flu hosp,quantile,0.01,126.07533890630634
40,2026-02-14,2,2026-02-28,wk inc flu hosp,quantile,0.01,49.615871883655565
41,2026-02-14,2,2026-02-28,wk inc flu hosp,quantile,0.01,108.92958585650595
42,2026-02-14,2,2026-02-28,wk inc flu hosp,quantile,0.01,184.81308778668304
44,2026-02-14,2,2026-02-28,wk inc flu hosp,quantile,0.01,1.2457352930760248
45,2026-02-14,2,2026-02-28,wk inc flu hosp,quantile,0.01,41.94123579224177
46,2026-02-14,2,2026-02-28,wk inc flu hosp,quantile,0.01,10.200777686125354
47,2026-02-14,2,2026-02-28,wk inc flu hosp,quantile,0.01,83.78491792089386
48,2026-02-14,2,2026-02-28,wk inc flu hosp,quantile,0.01,488.4286983349406
49,2026-02-14,2,2026-02-28,wk inc flu hosp,quantile,0.01,23.008625044689882
50,2026-02-14,2,2026-02-28,wk inc flu hosp,quantile,0.01,5.228281236549322
51,2026-02-14,2,2026-02-28,wk inc flu hosp,quantile,0.01,60.833161036521
53,2026-02-14,2,2026-02-28,wk inc flu hosp,quantile,0.01,123.28053262367165
54,2026-02-14,2,2026-02-28,wk inc flu hosp,quantile,0.01,30.11044118330795
55,2026-02-14,2,2026-02-28,wk inc flu hosp,quantile,0.01,48.023682013599284
56,2026-02-14,2,2026-02-28,wk inc flu hosp,quantile,0.01,3.259664023671098
72,2026-02-14,2,2026-02-28,wk inc flu hosp,quantile,0.01,48.53947642537798
01,2026-02-14,3,2026-03-07,wk inc flu hosp,quantile,0.01,93.06572212474802
02,2026-02-14,3,2026-03-07,wk inc flu hosp,quantile,0.01,0.2545113652799677
04,2026-02-14,3,2026-03-07,wk inc flu hosp,quantile,0.01,129.46199602347565
05,2026-02-14,3,2026-03-07,wk inc flu hosp,quantile,0.01,40.461954072143605
06,2026-02-14,3,2026-03-07,wk inc flu hosp,quantile,0.01,515.1364469375932
08,2026-02-14,3,2026-03-07,wk inc flu hosp,quantile,0.01,20.571993175178676
09,2026-02-14,3,2026-03-07,wk inc flu hosp,quantile,0.01,3.596090084920261
10,2026-02-14,3,2026-03-07,wk inc flu hosp,quantile,0.01,0.997155914934875
11,2026-02-14,3,2026-03-07,wk inc flu hosp,quantile,0.01,0.0
12,2026-02-14,3,2026-03-07,wk inc flu hosp,quantile,0.01,434.6858599277647
13,2026-02-14,3,2026-03-07,wk inc flu hosp,quantile,0.01,93.58827400706134
15,2026-02-14,3,2026-03-07,wk inc flu hosp,quantile,0.01,3.593500233142414
16,2026-02-14,3,2026-03-07,wk inc flu hosp,quantile,0.01,23.933892159723268
17,2026-02-14,3,2026-03-07,wk inc flu hosp,quantile,0.01,103.03740291131827
18,2026-02-14,3,2026-03-07,wk inc flu hosp,quantile,0.01,90.54378422658823
19,2026-02-14,3,2026-03-07,wk inc flu hosp,quantile,0.01,26.85758847891648
20,2026-02-14,3,2026-03-07,wk inc flu hosp,quantile,0.01,31.247916955934727
21,2026-02-14,3,2026-03-07,wk inc flu hosp,quantile,0.01,44.100829265835344
22,2026-02-14,3,2026-03-07,wk inc flu hosp,quantile,0.01,68.22133973946593
23,2026-02-14,3,2026-03-07,wk inc flu hosp,quantile,0.01,5.6204886351030625
24,2026-02-14,3,2026-03-07,wk inc flu hosp,quantile,0.01,6.197796409183514
25,2026-02-14,3,2026-03-07,wk inc flu hosp,quantile,0.01,14.649064184966834
26,2026-02-14,3,2026-03-07,wk inc flu hosp,quantile,0.01,58.46352916609828
27,2026-02-14,3,2026-03-07,wk inc flu hosp,quantile,0.01,19.165078924163318
28,2026-02-14,3,2026-03-07,wk inc flu hosp,quantile,0.01,60.18438129457064
29,2026-02-14,3,2026-03-07,wk inc flu hosp,quantile,0.01,53.82041190084232
30,2026-02-14,3,2026-03-07,wk inc flu hosp,quantile,0.01,9.063359061203325
31,2026-02-14,3,2026-03-07,wk inc flu hosp,quantile,0.01,21.33210567766843
32,2026-02-14,3,2026-03-07,wk inc flu hosp,quantile,0.01,21.63997390855691
33,2026-02-14,3,2026-03-07,wk inc flu hosp,quantile,0.01,1.9506667658294712
34,2026-02-14,3,2026-03-07,wk inc flu hosp,quantile,0.01,37.57190549137601
35,2026-02-14,3,2026-03-07,wk inc flu hosp,quantile,0.01,37.15765607817518
36,2026-02-14,3,2026-03-07,wk inc flu hosp,quantile,0.01,28.17250170086664
37,2026-02-14,3,2026-03-07,wk inc flu hosp,quantile,0.01,65.79862252178906
38,2026-02-14,3,2026-03-07,wk inc flu hosp,quantile,0.01,3.2763690045606784
39,2026-02-14,3,2026-03-07,wk inc flu hosp,quantile,0.01,100.78848357208913
40,2026-02-14,3,2026-03-07,wk inc flu hosp,quantile,0.01,43.12945048505404
41,2026-02-14,3,2026-03-07,wk inc flu hosp,quantile,0.01,87.5164564084713
42,2026-02-14,3,2026-03-07,wk inc flu hosp,quantile,0.01,150.52177828868966
44,2026-02-14,3,2026-03-07,wk inc flu hosp,quantile,0.01,0.27074736894208207
45,2026-02-14,3,2026-03-07,wk inc flu hosp,quantile,0.01,33.664260614288274
46,2026-02-14,3,2026-03-07,wk inc flu hosp,quantile,0.01,7.765255588509656
47,2026-02-14,3,2026-03-07,wk inc flu hosp,quantile,0.01,69.99298097301497
48,2026-02-14,3,2026-03-07,wk inc flu hosp,quantile,0.01,433.9880256809816
49,2026-02-14,3,2026-03-07,wk inc flu hosp,quantile,0.01,18.599072620252677
50,2026-02-14,3,2026-03-07,wk inc flu hosp,quantile,0.01,4.04208803531017
51,2026-02-14,3,2026-03-07,wk inc flu hosp,quantile,0.01,46.50708329326027
53,2026-02-14,3,2026-03-07,wk inc flu hosp,quantile,0.01,105.24618130615421
54,2026-02-14,3,2026-03-07,wk inc flu hosp,quantile,0.01,21.721043331738674
55,2026-02-14,3,2026-03-07,wk inc flu hosp,quantile,0.01,34.64792584917753
56,2026-02-14,3,2026-03-07,wk inc flu hosp,quantile,0.01,2.9688614550085233
72,2026-02-14,3,2026-03-07,wk inc flu hosp,quantile,0.01,42.531912360889734
01,2026-02-14,0,2026-02-14,wk inc flu hosp,quantile,0.025,188.507519273375
02,2026-02-14,0,2026-02-14,wk inc flu hosp,quantile,0.025,2.4109978757212196
04,2026-02-14,0,2026-02-14,wk inc flu hosp,quantile,0.025,200.4387327329483
05,2026-02-14,0,2026-02-14,wk inc flu hosp,quantile,0.025,85.97534692023326
06,2026-02-14,0,2026-02-14,wk inc flu hosp,quantile,0.025,1068.2949623909115
08,2026-02-14,0,2026-02-14,wk inc flu hosp,quantile,0.025,55.54720342197954
09,2026-02-14,0,2026-02-14,wk inc flu hosp,quantile,0.025,19.3792183399378
10,2026-02-14,0,2026-02-14,wk inc flu hosp,quantile,0.025,13.10020682941526
11,2026-02-14,0,2026-02-14,wk inc flu hosp,quantile,0.025,0.4410300687129968
12,2026-02-14,0,2026-02-14,wk inc flu hosp,quantile,0.025,878.9530862526078
13,2026-02-14,0,2026-02-14,wk inc flu hosp,quantile,0.025,188.41042748882614
15,2026-02-14,0,2026-02-14,wk inc flu hosp,quantile,0.025,10.135815735471247
16,2026-02-14,0,2026-02-14,wk inc flu hosp,quantile,0.025,50.519202618863375
17,2026-02-14,0,2026-02-14,wk inc flu hosp,quantile,0.025,243.46976517951975
18,2026-02-14,0,2026-02-14,wk inc flu hosp,quantile,0.025,183.6410622337962
19,2026-02-14,0,2026-02-14,wk inc flu hosp,quantile,0.025,91.82011236343355
20,2026-02-14,0,2026-02-14,wk inc flu hosp,quantile,0.025,90.35885803377818
21,2026-02-14,0,2026-02-14,wk inc flu hosp,quantile,0.025,108.25988504595465
22,2026-02-14,0,2026-02-14,wk inc flu hosp,quantile,0.025,145.720209838166
23,2026-02-14,0,2026-02-14,wk inc flu hosp,quantile,0.025,21.618152517405747
24,2026-02-14,0,2026-02-14,wk inc flu hosp,quantile,0.025,29.768763321002204
25,2026-02-14,0,2026-02-14,wk inc flu hosp,quantile,0.025,48.587123972603706
26,2026-02-14,0,2026-02-14,wk inc flu hosp,quantile,0.025,135.48860848786936
27,2026-02-14,0,2026-02-14,wk inc flu hosp,quantile,0.025,66.93426112161161
28,2026-02-14,0,2026-02-14,wk inc flu hosp,quantile,0.025,105.83419218352454
29,2026-02-14,0,2026-02-14,wk inc flu hosp,quantile,0.025,142.50931069989272
30,2026-02-14,0,2026-02-14,wk inc flu hosp,quantile,0.025,26.64495645454864
31,2026-02-14,0,2026-02-14,wk inc flu hosp,quantile,0.025,64.1951688560126
32,2026-02-14,0,2026-02-14,wk inc flu hosp,quantile,0.025,45.82723943207938
33,2026-02-14,0,2026-02-14,wk inc flu hosp,quantile,0.025,15.204761667157634
34,2026-02-14,0,2026-02-14,wk inc flu hosp,quantile,0.025,96.40258786765817
35,2026-02-14,0,2026-02-14,wk inc flu hosp,quantile,0.025,73.36598265682258
36,2026-02-14,0,2026-02-14,wk inc flu hosp,quantile,0.025,100.51495593265274
37,2026-02-14,0,2026-02-14,wk inc flu hosp,quantile,0.025,165.30514119527314
38,2026-02-14,0,2026-02-14,wk inc flu hosp,quantile,0.025,14.38944124650995
39,2026-02-14,0,2026-02-14,wk inc flu hosp,quantile,0.025,243.32599345842783
40,2026-02-14,0,2026-02-14,wk inc flu hosp,quantile,0.025,94.50600790653152
41,2026-02-14,0,2026-02-14,wk inc flu hosp,quantile,0.025,209.83953143247757
42,2026-02-14,0,2026-02-14,wk inc flu hosp,quantile,0.025,360.23165759458544
44,2026-02-14,0,2026-02-14,wk inc flu hosp,quantile,0.025,6.272994836954162
45,2026-02-14,0,2026-02-14,wk inc flu hosp,quantile,0.025,83.91440438781405
46,2026-02-14,0,2026-02-14,wk inc flu hosp,quantile,0.025,22.52374562063417
47,2026-02-14,0,2026-02-14,wk inc flu hosp,quantile,0.025,148.50553400597752
48,2026-02-14,0,2026-02-14,wk inc flu hosp,quantile,0.025,788.7950573711831
49,2026-02-14,0,2026-02-14,wk inc flu hosp,quantile,0.025,40.99098966773689
50,2026-02-14,0,2026-02-14,wk inc flu hosp,quantile,0.025,10.57132818928502
51,2026-02-14,0,2026-02-14,wk inc flu hosp,quantile,0.025,117.30316515745679
53,2026-02-14,0,2026-02-14,wk inc flu hosp,quantile,0.025,205.40721650670196
54,2026-02-14,0,2026-02-14,wk inc flu hosp,quantile,0.025,67.41778140521618
55,2026-02-14,0,2026-02-14,wk inc flu hosp,quantile,0.025,113.14241142502722
56,2026-02-14,0,2026-02-14,wk inc flu hosp,quantile,0.025,6.692597006345139
72,2026-02-14,0,2026-02-14,wk inc flu hosp,quantile,0.025,82.8297991535282
01,2026-02-14,1,2026-02-21,wk inc flu hosp,quantile,0.025,147.84146434221472
02,2026-02-14,1,2026-02-21,wk inc flu hosp,quantile,0.025,1.3858272906180926
04,2026-02-14,1,2026-02-21,wk inc flu hosp,quantile,0.025,169.9521648882007
05,2026-02-14,1,2026-02-21,wk inc flu hosp,quantile,0.025,66.67471648827055
06,2026-02-14,1,2026-02-21,wk inc flu hosp,quantile,0.025,848.1659244818378
08,2026-02-14,1,2026-02-21,wk inc flu hosp,quantile,0.025,41.20094328177538
09,2026-02-14,1,2026-02-21,wk inc flu hosp,quantile,0.025,12.884591014996355
10,2026-02-14,1,2026-02-21,wk inc flu hosp,quantile,0.025,8.18498292641204
11,2026-02-14,1,2026-02-21,wk inc flu hosp,quantile,0.025,0.0
12,2026-02-14,1,2026-02-21,wk inc flu hosp,quantile,0.025,700.6113125579895
13,2026-02-14,1,2026-02-21,wk inc flu hosp,quantile,0.025,148.2790578269772
15,2026-02-14,1,2026-02-21,wk inc flu hosp,quantile,0.025,7.149300003371853
16,2026-02-14,1,2026-02-21,wk inc flu hosp,quantile,0.025,40.069056031099706
17,2026-02-14,1,2026-02-21,wk inc flu hosp,quantile,0.025,180.6869910273587
18,2026-02-14,1,2026-02-21,wk inc flu hosp,quantile,0.025,144.9520738664839
19,2026-02-14,1,2026-02-21,wk inc flu hosp,quantile,0.025,66.16746155002743
20,2026-02-14,1,2026-02-21,wk inc flu hosp,quantile,0.025,68.53265783008942
21,2026-02-14,1,2026-02-21,wk inc flu hosp,quantile,0.025,79.85394508143584
22,2026-02-14,1,2026-02-21,wk inc flu hosp,quantile,0.025,113.56399028805535
23,2026-02-14,1,2026-02-21,wk inc flu hosp,quantile,0.025,15.341953818213842
24,2026-02-14,1,2026-02-21,wk inc flu hosp,quantile,0.025,19.91509961151293
25,2026-02-14,1,2026-02-21,wk inc flu hosp,quantile,0.025,33.33577450373902
26,2026-02-14,1,2026-02-21,wk inc flu hosp,quantile,0.025,103.69260861482168
27,2026-02-14,1,2026-02-21,wk inc flu hosp,quantile,0.025,47.05615845270845
28,2026-02-14,1,2026-02-21,wk inc flu hosp,quantile,0.025,88.47334579717675
29,2026-02-14,1,2026-02-21,wk inc flu hosp,quantile,0.025,103.59388687733835
30,2026-02-14,1,2026-02-21,wk inc flu hosp,quantile,0.025,19.375538555877842
31,2026-02-14,1,2026-02-21,wk inc flu hosp,quantile,0.025,48.14106632262254
32,2026-02-14,1,2026-02-21,wk inc flu hosp,quantile,0.025,35.81591304939826
33,2026-02-14,1,2026-02-21,wk inc flu hosp,quantile,0.025,10.097384032174308
34,2026-02-14,1,2026-02-21,wk inc flu hosp,quantile,0.025,70.2390334648029
35,2026-02-14,1,2026-02-21,wk inc flu hosp,quantile,0.025,58.802841356768916
36,2026-02-14,1,2026-02-21,wk inc flu hosp,quantile,0.025,69.33160357075562
37,2026-02-14,1,2026-02-21,wk inc flu hosp,quantile,0.025,120.97591546818947
38,2026-02-14,1,2026-02-21,wk inc flu hosp,quantile,0.025,9.845163540464878
39,2026-02-14,1,2026-02-21,wk inc flu hosp,quantile,0.025,181.58988949226418
40,2026-02-14,1,2026-02-21,wk inc flu hosp,quantile,0.025,72.61764070227643
41,2026-02-14,1,2026-02-21,wk inc flu hosp,quantile,0.025,164.39338770997128
42,2026-02-14,1,2026-02-21,wk inc flu hosp,quantile,0.025,271.26966260785684
44,2026-02-14,1,2026-02-21,wk inc flu hosp,quantile,0.025,3.3692695626329665
45,2026-02-14,1,2026-02-21,wk inc flu hosp,quantile,0.025,62.36801281144591
46,2026-02-14,1,2026-02-21,wk inc flu hosp,quantile,0.025,16.62097515861049
47,2026-02-14,1,2026-02-21,wk inc flu hosp,quantile,0.025,113.9957697905932
48,2026-02-14,1,2026-02-21,wk inc flu hosp,quantile,0.025,649.5405202067387
49,2026-02-14,1,2026-02-21,wk inc flu hosp,quantile,0.025,32.02775429273352
50,2026-02-14,1,2026-02-21,wk inc flu hosp,quantile,0.025,7.73547724348843
51,2026-02-14,1,2026-02-21,wk inc flu hosp,quantile,0.025,86.6076142955531
53,2026-02-14,1,2026-02-21,wk inc flu hosp,quantile,0.025,163.1020783929665
54,2026-02-14,1,2026-02-21,wk inc flu hosp,quantile,0.025,48.88911591313809
55,2026-02-14,1,2026-02-21,wk inc flu hosp,quantile,0.025,79.96621823687585
56,2026-02-14,1,2026-02-21,wk inc flu hosp,quantile,0.025,5.336421405910912
72,2026-02-14,1,2026-02-21,wk inc flu hosp,quantile,0.025,65.41826890056791
01,2026-02-14,2,2026-02-28,wk inc flu hosp,quantile,0.025,120.02919952180592
02,2026-02-14,2,2026-02-28,wk inc flu hosp,quantile,0.025,0.7683642110371321
04,2026-02-14,2,2026-02-28,wk inc flu hosp,quantile,0.025,156.53203050092566
05,2026-02-14,2,2026-02-28,wk inc flu hosp,quantile,0.025,53.77593318499548
06,2026-02-14,2,2026-02-28,wk inc flu hosp,quantile,0.025,682.1798687114142
08,2026-02-14,2,2026-02-28,wk inc flu hosp,quantile,0.025,32.727066048348405
09,2026-02-14,2,2026-02-28,wk inc flu hosp,quantile,0.025,9.102856133404835
10,2026-02-14,2,2026-02-28,wk inc flu hosp,quantile,0.025,4.649119227546786
11,2026-02-14,2,2026-02-28,wk inc flu hosp,quantile,0.025,0.0
12,2026-02-14,2,2026-02-28,wk inc flu hosp,quantile,0.025,557.5848754000236
13,2026-02-14,2,2026-02-28,wk inc flu hosp,quantile,0.025,125.35987509697482
15,2026-02-14,2,2026-02-28,wk inc flu hosp,quantile,0.025,5.60852080891169
16,2026-02-14,2,2026-02-28,wk inc flu hosp,quantile,0.025,31.283221156906915
17,2026-02-14,2,2026-02-28,wk inc flu hosp,quantile,0.025,138.3269244234128
18,2026-02-14,2,2026-02-28,wk inc flu hosp,quantile,0.025,120.60085511650036
19,2026-02-14,2,2026-02-28,wk inc flu hosp,quantile,0.025,49.29287720943863
20,2026-02-14,2,2026-02-28,wk inc flu hosp,quantile,0.025,51.635421773623115
21,2026-02-14,2,2026-02-28,wk inc flu hosp,quantile,0.025,60.51954642998294
22,2026-02-14,2,2026-02-28,wk inc flu hosp,quantile,0.025,89.97973691564707
23,2026-02-14,2,2026-02-28,wk inc flu hosp,quantile,0.025,9.948854665887524
24,2026-02-14,2,2026-02-28,wk inc flu hosp,quantile,0.025,13.655573837233062
25,2026-02-14,2,2026-02-28,wk inc flu hosp,quantile,0.025,25.4432274290058
26,2026-02-14,2,2026-02-28,wk inc flu hosp,quantile,0.025,86.4764980608733
27,2026-02-14,2,2026-02-28,wk inc flu hosp,quantile,0.025,32.11448899892792
28,2026-02-14,2,2026-02-28,wk inc flu hosp,quantile,0.025,75.19848350422758
29,2026-02-14,2,2026-02-28,wk inc flu hosp,quantile,0.025,76.16181834693386
30,2026-02-14,2,2026-02-28,wk inc flu hosp,quantile,0.025,14.387061796525005
31,2026-02-14,2,2026-02-28,wk inc flu hosp,quantile,0.025,36.09575496486602
32,2026-02-14,2,2026-02-28,wk inc flu hosp,quantile,0.025,29.25542535274562
33,2026-02-14,2,2026-02-28,wk inc flu hosp,quantile,0.025,5.847333200647066
34,2026-02-14,2,2026-02-28,wk inc flu hosp,quantile,0.025,56.06299738045614
35,2026-02-14,2,2026-02-28,wk inc flu hosp,quantile,0.025,48.02211129788399
36,2026-02-14,2,2026-02-28,wk inc flu hosp,quantile,0.025,53.400602865492615
37,2026-02-14,2,2026-02-28,wk inc flu hosp,quantile,0.025,93.4001652863856
38,2026-02-14,2,2026-02-28,wk inc flu hosp,quantile,0.025,6.841226835746809
39,2026-02-14,2,2026-02-28,wk inc flu hosp,quantile,0.025,136.8510163835376
40,2026-02-14,2,2026-02-28,wk inc flu hosp,quantile,0.025,60.91447495490744
41,2026-02-14,2,2026-02-28,wk inc flu hosp,quantile,0.025,127.74129444355103
42,2026-02-14,2,2026-02-28,wk inc flu hosp,quantile,0.025,211.09653078832838
44,2026-02-14,2,2026-02-28,wk inc flu hosp,quantile,0.025,1.435751611173066
45,2026-02-14,2,2026-02-28,wk inc flu hosp,quantile,0.025,47.90407003535757
46,2026-02-14,2,2026-02-28,wk inc flu hosp,quantile,0.025,12.05950793969931
47,2026-02-14,2,2026-02-28,wk inc flu hosp,quantile,0.025,90.48683312015763
48,2026-02-14,2,2026-02-28,wk inc flu hosp,quantile,0.025,561.5620263980109
49,2026-02-14,2,2026-02-28,wk inc flu hosp,quantile,0.025,24.849912323598765
50,2026-02-14,2,2026-02-28,wk inc flu hosp,quantile,0.025,5.4791482227480435
51,2026-02-14,2,2026-02-28,wk inc flu hosp,quantile,0.025,64.58748426527386
53,2026-02-14,2,2026-02-28,wk inc flu hosp,quantile,0.025,133.97311120669474
54,2026-02-14,2,2026-02-28,wk inc flu hosp,quantile,0.025,35.15683667746126
55,2026-02-14,2,2026-02-28,wk inc flu hosp,quantile,0.025,56.754180775925875
56,2026-02-14,2,2026-02-28,wk inc flu hosp,quantile,0.025,4.540718507209491
72,2026-02-14,2,2026-02-28,wk inc flu hosp,quantile,0.025,55.805072325742536
01,2026-02-14,3,2026-03-07,wk inc flu hosp,quantile,0.025,96.84101533160566
02,2026-02-14,3,2026-03-07,wk inc flu hosp,quantile,0.025,0.28896883150287767
04,2026-02-14,3,2026-03-07,wk inc flu hosp,quantile,0.025,145.49594818164368
05,2026-02-14,3,2026-03-07,wk inc flu hosp,quantile,0.025,43.33025857831965
06,2026-02-14,3,2026-03-07,wk inc flu hosp,quantile,0.025,539.1557403714489
08,2026-02-14,3,2026-03-07,wk inc flu hosp,quantile,0.025,26.430640078797264
09,2026-02-14,3,2026-03-07,wk inc flu hosp,quantile,0.025,6.015390742989101
10,2026-02-14,3,2026-03-07,wk inc flu hosp,quantile,0.025,2.641997525355292
11,2026-02-14,3,2026-03-07,wk inc flu hosp,quantile,0.025,0.0
12,2026-02-14,3,2026-03-07,wk inc flu hosp,quantile,0.025,450.5452267317299
13,2026-02-14,3,2026-03-07,wk inc flu hosp,quantile,0.025,103.93646169456046
15,2026-02-14,3,2026-03-07,wk inc flu hosp,quantile,0.025,4.2795756098481785
16,2026-02-14,3,2026-03-07,wk inc flu hosp,quantile,0.025,24.09343383487706
17,2026-02-14,3,2026-03-07,wk inc flu hosp,quantile,0.025,103.49128421736816
18,2026-02-14,3,2026-03-07,wk inc flu hosp,quantile,0.025,98.83390246011741
19,2026-02-14,3,2026-03-07,wk inc flu hosp,quantile,0.025,37.1793386499218
20,2026-02-14,3,2026-03-07,wk inc flu hosp,quantile,0.025,38.30126595165708
21,2026-02-14,3,2026-03-07,wk inc flu hosp,quantile,0.025,44.723202297872135
22,2026-02-14,3,2026-03-07,wk inc flu hosp,quantile,0.025,71.79920733086678
23,2026-02-14,3,2026-03-07,wk inc flu hosp,quantile,0.025,6.662738472851554
24,2026-02-14,3,2026-03-07,wk inc flu hosp,quantile,0.025,8.541145854372083
25,2026-02-14,3,2026-03-07,wk inc flu hosp,quantile,0.025,18.69924317998309
26,2026-02-14,3,2026-03-07,wk inc flu hosp,quantile,0.025,70.37641958804227
27,2026-02-14,3,2026-03-07,wk inc flu hosp,quantile,0.025,19.875037205163284
28,2026-02-14,3,2026-03-07,wk inc flu hosp,quantile,0.025,66.35552964824728
29,2026-02-14,3,2026-03-07,wk inc flu hosp,quantile,0.025,54.581132896416385
30,2026-02-14,3,2026-03-07,wk inc flu hosp,quantile,0.025,10.68226813278173
31,2026-02-14,3,2026-03-07,wk inc flu hosp,quantile,0.025,27.698983214325686
32,2026-02-14,3,2026-03-07,wk inc flu hosp,quantile,0.025,24.289056675135527
33,2026-02-14,3,2026-03-07,wk inc flu hosp,quantile,0.025,3.37429072312047
34,2026-02-14,3,2026-03-07,wk inc flu hosp,quantile,0.025,42.49492143855309
35,2026-02-14,3,2026-03-07,wk inc flu hosp,quantile,0.025,38.634835538280086
36,2026-02-14,3,2026-03-07,wk inc flu hosp,quantile,0.025,35.09548859685134
37,2026-02-14,3,2026-03-07,wk inc flu hosp,quantile,0.025,67.56007572713217
38,2026-02-14,3,2026-03-07,wk inc flu hosp,quantile,0.025,5.000086554910184
39,2026-02-14,3,2026-03-07,wk inc flu hosp,quantile,0.025,101.40069412991996
40,2026-02-14,3,2026-03-07,wk inc flu hosp,quantile,0.025,52.464717607106536
41,2026-02-14,3,2026-03-07,wk inc flu hosp,quantile,0.025,97.52335664805979
42,2026-02-14,3,2026-03-07,wk inc flu hosp,quantile,0.025,153.99018145710426
44,2026-02-14,3,2026-03-07,wk inc flu hosp,quantile,0.025,0.27456233978612754
45,2026-02-14,3,2026-03-07,wk inc flu hosp,quantile,0.025,35.00325852819088
46,2026-02-14,3,2026-03-07,wk inc flu hosp,quantile,0.025,8.983740278587533
47,2026-02-14,3,2026-03-07,wk inc flu hosp,quantile,0.025,70.8554541235784
48,2026-02-14,3,2026-03-07,wk inc flu hosp,quantile,0.025,471.3382665761236
49,2026-02-14,3,2026-03-07,wk inc flu hosp,quantile,0.025,18.80595436771827
50,2026-02-14,3,2026-03-07,wk inc flu hosp,quantile,0.025,4.142196857661676
51,2026-02-14,3,2026-03-07,wk inc flu hosp,quantile,0.025,48.45251636086255
53,2026-02-14,3,2026-03-07,wk inc flu hosp,quantile,0.025,107.06506546727726
54,2026-02-14,3,2026-03-07,wk inc flu hosp,quantile,0.025,25.83563128563245
55,2026-02-14,3,2026-03-07,wk inc flu hosp,quantile,0.025,38.45699797354709
56,2026-02-14,3,2026-03-07,wk inc flu hosp,quantile,0.025,3.9867007729044768
72,2026-02-14,3,2026-03-07,wk inc flu hosp,quantile,0.025,47.002853683267325
01,2026-02-14,0,2026-02-14,wk inc flu hosp,quantile,0.05,210.34052060077659
02,2026-02-14,0,2026-02-14,wk inc flu hosp,quantile,0.05,3.053588026902057
04,2026-02-14,0,2026-02-14,wk inc flu hosp,quantile,0.05,220.26747306009568
05,2026-02-14,0,2026-02-14,wk inc flu hosp,quantile,0.05,96.70257293846753
06,2026-02-14,0,2026-02-14,wk inc flu hosp,quantile,0.05,1161.3574311779657
08,2026-02-14,0,2026-02-14,wk inc flu hosp,quantile,0.05,63.51714002964678
09,2026-02-14,0,2026-02-14,wk inc flu hosp,quantile,0.05,21.97838818024278
10,2026-02-14,0,2026-02-14,wk inc flu hosp,quantile,0.05,17.864191552150587
11,2026-02-14,0,2026-02-14,wk inc flu hosp,quantile,0.05,0.7162052935738843
12,2026-02-14,0,2026-02-14,wk inc flu hosp,quantile,0.05,985.1858413883698
13,2026-02-14,0,2026-02-14,wk inc flu hosp,quantile,0.05,205.29582224758155
15,2026-02-14,0,2026-02-14,wk inc flu hosp,quantile,0.05,11.151518950069326
16,2026-02-14,0,2026-02-14,wk inc flu hosp,quantile,0.05,59.86273328997747
17,2026-02-14,0,2026-02-14,wk inc flu hosp,quantile,0.05,277.2197437703862
18,2026-02-14,0,2026-02-14,wk inc flu hosp,quantile,0.05,199.41681170975428
19,2026-02-14,0,2026-02-14,wk inc flu hosp,quantile,0.05,111.95804692790246
20,2026-02-14,0,2026-02-14,wk inc flu hosp,quantile,0.05,111.45954428143526
21,2026-02-14,0,2026-02-14,wk inc flu hosp,quantile,0.05,121.77971854251906
22,2026-02-14,0,2026-02-14,wk inc flu hosp,quantile,0.05,166.7211076115116
23,2026-02-14,0,2026-02-14,wk inc flu hosp,quantile,0.05,26.871544920541194
24,2026-02-14,0,2026-02-14,wk inc flu hosp,quantile,0.05,34.465532983440475
25,2026-02-14,0,2026-02-14,wk inc flu hosp,quantile,0.05,51.99536011759712
26,2026-02-14,0,2026-02-14,wk inc flu hosp,quantile,0.05,150.39246574597192
27,2026-02-14,0,2026-02-14,wk inc flu hosp,quantile,0.05,81.81196732033561
28,2026-02-14,0,2026-02-14,wk inc flu hosp,quantile,0.05,116.29491455796895
29,2026-02-14,0,2026-02-14,wk inc flu hosp,quantile,0.05,163.1465601331675
30,2026-02-14,0,2026-02-14,wk inc flu hosp,quantile,0.05,33.67873717783961
31,2026-02-14,0,2026-02-14,wk inc flu hosp,quantile,0.05,78.38132520661236
32,2026-02-14,0,2026-02-14,wk inc flu hosp,quantile,0.05,51.65563803321932
33,2026-02-14,0,2026-02-14,wk inc flu hosp,quantile,0.05,20.642664059944174
34,2026-02-14,0,2026-02-14,wk inc flu hosp,quantile,0.05,104.60832504887884
35,2026-02-14,0,2026-02-14,wk inc flu hosp,quantile,0.05,84.94415690090858
36,2026-02-14,0,2026-02-14,wk inc flu hosp,quantile,0.05,106.91210006491383
37,2026-02-14,0,2026-02-14,wk inc flu hosp,quantile,0.05,186.69527219472496
38,2026-02-14,0,2026-02-14,wk inc flu hosp,quantile,0.05,19.538028593394046
39,2026-02-14,0,2026-02-14,wk inc flu hosp,quantile,0.05,277.65285487007736
40,2026-02-14,0,2026-02-14,wk inc flu hosp,quantile,0.05,102.1757219436611
41,2026-02-14,0,2026-02-14,wk inc flu hosp,quantile,0.05,243.60164681837037
42,2026-02-14,0,2026-02-14,wk inc flu hosp,quantile,0.05,409.28469978932316
44,2026-02-14,0,2026-02-14,wk inc flu hosp,quantile,0.05,8.18555227136218
45,2026-02-14,0,2026-02-14,wk inc flu hosp,quantile,0.05,98.75481752256245
46,2026-02-14,0,2026-02-14,wk inc flu hosp,quantile,0.05,27.17314303998676
47,2026-02-14,0,2026-02-14,wk inc flu hosp,quantile,0.05,167.9846949860457
48,2026-02-14,0,2026-02-14,wk inc flu hosp,quantile,0.05,844.7379860957826
49,2026-02-14,0,2026-02-14,wk inc flu hosp,quantile,0.05,48.20338870171903
50,2026-02-14,0,2026-02-14,wk inc flu hosp,quantile,0.05,12.66974441560674
51,2026-02-14,0,2026-02-14,wk inc flu hosp,quantile,0.05,133.6135112959151
53,2026-02-14,0,2026-02-14,wk inc flu hosp,quantile,0.05,226.29243996786806
54,2026-02-14,0,2026-02-14,wk inc flu hosp,quantile,0.05,78.96925586543313
55,2026-02-14,0,2026-02-14,wk inc flu hosp,quantile,0.05,137.77960272167067
56,2026-02-14,0,2026-02-14,wk inc flu hosp,quantile,0.05,7.9860368018275185
72,2026-02-14,0,2026-02-14,wk inc flu hosp,quantile,0.05,89.42991318584829
01,2026-02-14,1,2026-02-21,wk inc flu hosp,quantile,0.05,172.36991900796093
02,2026-02-14,1,2026-02-21,wk inc flu hosp,quantile,0.05,1.913267108237579
04,2026-02-14,1,2026-02-21,wk inc flu hosp,quantile,0.05,199.96180742040727
05,2026-02-14,1,2026-02-21,wk inc flu hosp,quantile,0.05,79.2895359693836
06,2026-02-14,1,2026-02-21,wk inc flu hosp,quantile,0.05,897.0813159266733
08,2026-02-14,1,2026-02-21,wk inc flu hosp,quantile,0.05,51.314626457556464
09,2026-02-14,1,2026-02-21,wk inc flu hosp,quantile,0.05,15.079573085474996
10,2026-02-14,1,2026-02-21,wk inc flu hosp,quantile,0.05,9.967272574775395
11,2026-02-14,1,2026-02-21,wk inc flu hosp,quantile,0.05,0.03709573500184674
12,2026-02-14,1,2026-02-21,wk inc flu hosp,quantile,0.05,755.257223719767
13,2026-02-14,1,2026-02-21,wk inc flu hosp,quantile,0.05,169.9877238540243
15,2026-02-14,1,2026-02-21,wk inc flu hosp,quantile,0.05,8.627340940503368
16,2026-02-14,1,2026-02-21,wk inc flu hosp,quantile,0.05,46.55352915278583
17,2026-02-14,1,2026-02-21,wk inc flu hosp,quantile,0.05,204.2534776428463
18,2026-02-14,1,2026-02-21,wk inc flu hosp,quantile,0.05,163.3361870474807
19,2026-02-14,1,2026-02-21,wk inc flu hosp,quantile,0.05,78.67605109273566
20,2026-02-14,1,2026-02-21,wk inc flu hosp,quantile,0.05,79.30228891667946
21,2026-02-14,1,2026-02-21,wk inc flu hosp,quantile,0.05,91.4476251463198
22,2026-02-14,1,2026-02-21,wk inc flu hosp,quantile,0.05,126.52597128463559
23,2026-02-14,1,2026-02-21,wk inc flu hosp,quantile,0.05,17.58661586446409
24,2026-02-14,1,2026-02-21,wk inc flu hosp,quantile,0.05,24.614351225777355
25,2026-02-14,1,2026-02-21,wk inc flu hosp,quantile,0.05,38.85412209741758
26,2026-02-14,1,2026-02-21,wk inc flu hosp,quantile,0.05,122.0328671457909
27,2026-02-14,1,2026-02-21,wk inc flu hosp,quantile,0.05,54.81174263933871
28,2026-02-14,1,2026-02-21,wk inc flu hosp,quantile,0.05,100.36124079724824
29,2026-02-14,1,2026-02-21,wk inc flu hosp,quantile,0.05,115.4893001763387
30,2026-02-14,1,2026-02-21,wk inc flu hosp,quantile,0.05,24.450614390010266
31,2026-02-14,1,2026-02-21,wk inc flu hosp,quantile,0.05,55.82293591081593
32,2026-02-14,1,2026-02-21,wk inc flu hosp,quantile,0.05,42.77844063519592
33,2026-02-14,1,2026-02-21,wk inc flu hosp,quantile,0.05,12.533516926572492
34,2026-02-14,1,2026-02-21,wk inc flu hosp,quantile,0.05,76.62321868221234
35,2026-02-14,1,2026-02-21,wk inc flu hosp,quantile,0.05,67.91764835717994
36,2026-02-14,1,2026-02-21,wk inc flu hosp,quantile,0.05,78.87177139961568
37,2026-02-14,1,2026-02-21,wk inc flu hosp,quantile,0.05,136.77764572506237
38,2026-02-14,1,2026-02-21,wk inc flu hosp,quantile,0.05,12.633029540573988
39,2026-02-14,1,2026-02-21,wk inc flu hosp,quantile,0.05,204.2135632344836
40,2026-02-14,1,2026-02-21,wk inc flu hosp,quantile,0.05,86.29433707784855
41,2026-02-14,1,2026-02-21,wk inc flu hosp,quantile,0.05,179.61187705231774
42,2026-02-14,1,2026-02-21,wk inc flu hosp,quantile,0.05,302.6310187545261
44,2026-02-14,1,2026-02-21,wk inc flu hosp,quantile,0.05,4.6307373936591825
45,2026-02-14,1,2026-02-21,wk inc flu hosp,quantile,0.05,74.22264951521257
46,2026-02-14,1,2026-02-21,wk inc flu hosp,quantile,0.05,18.852183548624975
47,2026-02-14,1,2026-02-21,wk inc flu hosp,quantile,0.05,135.96681401712087
48,2026-02-14,1,2026-02-21,wk inc flu hosp,quantile,0.05,723.520443259473
49,2026-02-14,1,2026-02-21,wk inc flu hosp,quantile,0.05,36.94381677839014
50,2026-02-14,1,2026-02-21,wk inc flu hosp,quantile,0.05,9.027203257315886
51,2026-02-14,1,2026-02-21,wk inc flu hosp,quantile,0.05,96.32253048028015
53,2026-02-14,1,2026-02-21,wk inc flu hosp,quantile,0.05,186.86434228756818
54,2026-02-14,1,2026-02-21,wk inc flu hosp,quantile,0.05,53.65257630447995
55,2026-02-14,1,2026-02-21,wk inc flu hosp,quantile,0.05,95.6769238031663
56,2026-02-14,1,2026-02-21,wk inc flu hosp,quantile,0.05,6.700043024386378
72,2026-02-14,1,2026-02-21,wk inc flu hosp,quantile,0.05,74.81250001620195
01,2026-02-14,2,2026-02-28,wk inc flu hosp,quantile,0.05,138.9985445994068
02,2026-02-14,2,2026-02-28,wk inc flu hosp,quantile,0.05,1.1026047552174907
04,2026-02-14,2,2026-02-28,wk inc flu hosp,quantile,0.05,187.06223304068664
05,2026-02-14,2,2026-02-28,wk inc flu hosp,quantile,0.05,63.224396135888554
06,2026-02-14,2,2026-02-28,wk inc flu hosp,quantile,0.05,717.1183254522148
08,2026-02-14,2,2026-02-28,wk inc flu hosp,quantile,0.05,40.127837415804954
09,2026-02-14,2,2026-02-28,wk inc flu hosp,quantile,0.05,9.282118324149073
10,2026-02-14,2,2026-02-28,wk inc flu hosp,quantile,0.05,7.0082026787163745
11,2026-02-14,2,2026-02-28,wk inc flu hosp,quantile,0.05,0.0
12,2026-02-14,2,2026-02-28,wk inc flu hosp,quantile,0.05,598.0834212216241
13,2026-02-14,2,2026-02-28,wk inc flu hosp,quantile,0.05,139.9667898961989
15,2026-02-14,2,2026-02-28,wk inc flu hosp,quantile,0.05,6.616128060557627
16,2026-02-14,2,2026-02-28,wk inc flu hosp,quantile,0.05,36.58327123504285
17,2026-02-14,2,2026-02-28,wk inc flu hosp,quantile,0.05,154.01722186764053
18,2026-02-14,2,2026-02-28,wk inc flu hosp,quantile,0.05,132.0806972489816
19,2026-02-14,2,2026-02-28,wk inc flu hosp,quantile,0.05,61.75190145415567
20,2026-02-14,2,2026-02-28,wk inc flu hosp,quantile,0.05,60.71606188882627
21,2026-02-14,2,2026-02-28,wk inc flu hosp,quantile,0.05,68.88565272302031
22,2026-02-14,2,2026-02-28,wk inc flu hosp,quantile,0.05,100.29897202684836
23,2026-02-14,2,2026-02-28,wk inc flu hosp,quantile,0.05,12.543391002431187
24,2026-02-14,2,2026-02-28,wk inc flu hosp,quantile,0.05,16.432340441071403
25,2026-02-14,2,2026-02-28,wk inc flu hosp,quantile,0.05,27.688206712122803
26,2026-02-14,2,2026-02-28,wk inc flu hosp,quantile,0.05,97.0953168752783
27,2026-02-14,2,2026-02-28,wk inc flu hosp,quantile,0.05,38.499238336579964
28,2026-02-14,2,2026-02-28,wk inc flu hosp,quantile,0.05,82.76019289514485
29,2026-02-14,2,2026-02-28,wk inc flu hosp,quantile,0.05,83.74230448854091
30,2026-02-14,2,2026-02-28,wk inc flu hosp,quantile,0.05,19.443935359110327
31,2026-02-14,2,2026-02-28,wk inc flu hosp,quantile,0.05,43.33321027001686
32,2026-02-14,2,2026-02-28,wk inc flu hosp,quantile,0.05,34.774221746301436
33,2026-02-14,2,2026-02-28,wk inc flu hosp,quantile,0.05,8.5540689691486
34,2026-02-14,2,2026-02-28,wk inc flu hosp,quantile,0.05,57.027061291127744
35,2026-02-14,2,2026-02-28,wk inc flu hosp,quantile,0.05,53.39984911397934
36,2026-02-14,2,2026-02-28,wk inc flu hosp,quantile,0.05,53.54908850534668
37,2026-02-14,2,2026-02-28,wk inc flu hosp,quantile,0.05,100.97243796824279
38,2026-02-14,2,2026-02-28,wk inc flu hosp,quantile,0.05,9.775452922624671
39,2026-02-14,2,2026-02-28,wk inc flu hosp,quantile,0.05,154.44321441695746
40,2026-02-14,2,2026-02-28,wk inc flu hosp,quantile,0.05,71.76190933348784
41,2026-02-14,2,2026-02-28,wk inc flu hosp,quantile,0.05,143.90418517690767
42,2026-02-14,2,2026-02-28,wk inc flu hosp,quantile,0.05,229.31190656967897
44,2026-02-14,2,2026-02-28,wk inc flu hosp,quantile,0.05,2.512193247935646
45,2026-02-14,2,2026-02-28,wk inc flu hosp,quantile,0.05,54.723011702612816
46,2026-02-14,2,2026-02-28,wk inc flu hosp,quantile,0.05,14.506336988003929
47,2026-02-14,2,2026-02-28,wk inc flu hosp,quantile,0.05,108.33645652378598
48,2026-02-14,2,2026-02-28,wk inc flu hosp,quantile,0.05,615.8429639723707
49,2026-02-14,2,2026-02-28,wk inc flu hosp,quantile,0.05,27.77782870210982
50,2026-02-14,2,2026-02-28,wk inc flu hosp,quantile,0.05,6.5225334281069935
51,2026-02-14,2,2026-02-28,wk inc flu hosp,quantile,0.05,71.23023000305217
53,2026-02-14,2,2026-02-28,wk inc flu hosp,quantile,0.05,152.62451571740198
54,2026-02-14,2,2026-02-28,wk inc flu hosp,quantile,0.05,40.97100006377156
55,2026-02-14,2,2026-02-28,wk inc flu hosp,quantile,0.05,68.5445939747044
56,2026-02-14,2,2026-02-28,wk inc flu hosp,quantile,0.05,5.5235287243126
72,2026-02-14,2,2026-02-28,wk inc flu hosp,quantile,0.05,61.52434409758428
01,2026-02-14,3,2026-03-07,wk inc flu hosp,quantile,0.05,112.51457714027245
02,2026-02-14,3,2026-03-07,wk inc flu hosp,quantile,0.05,0.5777679424538397
04,2026-02-14,3,2026-03-07,wk inc flu hosp,quantile,0.05,175.76468318894533
05,2026-02-14,3,2026-03-07,wk inc flu hosp,quantile,0.05,51.17085625407396
06,2026-02-14,3,2026-03-07,wk inc flu hosp,quantile,0.05,575.2745641634538
08,2026-02-14,3,2026-03-07,wk inc flu hosp,quantile,0.05,31.81295085994125
09,2026-02-14,3,2026-03-07,wk inc flu hosp,quantile,0.05,6.028517130261825
10,2026-02-14,3,2026-03-07,wk inc flu hosp,quantile,0.05,4.673797297969001
11,2026-02-14,3,2026-03-07,wk inc flu hosp,quantile,0.05,0.0
12,2026-02-14,3,2026-03-07,wk inc flu hosp,quantile,0.05,472.65134332584626
13,2026-02-14,3,2026-03-07,wk inc flu hosp,quantile,0.05,115.00822547255945
15,2026-02-14,3,2026-03-07,wk inc flu hosp,quantile,0.05,5.140393019862979
16,2026-02-14,3,2026-03-07,wk inc flu hosp,quantile,0.05,29.67350011506456
17,2026-02-14,3,2026-03-07,wk inc flu hosp,quantile,0.05,118.21857673324091
18,2026-02-14,3,2026-03-07,wk inc flu hosp,quantile,0.05,108.71702710751323
19,2026-02-14,3,2026-03-07,wk inc flu hosp,quantile,0.05,45.832870911574354
20,2026-02-14,3,2026-03-07,wk inc flu hosp,quantile,0.05,46.97700040871382
21,2026-02-14,3,2026-03-07,wk inc flu hosp,quantile,0.05,52.95125672312398
22,2026-02-14,3,2026-03-07,wk inc flu hosp,quantile,0.05,79.32384352226539
23,2026-02-14,3,2026-03-07,wk inc flu hosp,quantile,0.05,9.026520561562164
24,2026-02-14,3,2026-03-07,wk inc flu hosp,quantile,0.05,10.6345563691094
25,2026-02-14,3,2026-03-07,wk inc flu hosp,quantile,0.05,19.929252276165478
26,2026-02-14,3,2026-03-07,wk inc flu hosp,quantile,0.05,79.94314092785594
27,2026-02-14,3,2026-03-07,wk inc flu hosp,quantile,0.05,26.69720217753594
28,2026-02-14,3,2026-03-07,wk inc flu hosp,quantile,0.05,72.34518640484681
29,2026-02-14,3,2026-03-07,wk inc flu hosp,quantile,0.05,63.82608195827203
30,2026-02-14,3,2026-03-07,wk inc flu hosp,quantile,0.05,15.509547695126466
31,2026-02-14,3,2026-03-07,wk inc flu hosp,quantile,0.05,33.17032009779172
32,2026-02-14,3,2026-03-07,wk inc flu hosp,quantile,0.05,28.274199899437967
33,2026-02-14,3,2026-03-07,wk inc flu hosp,quantile,0.05,5.919450128928875
34,2026-02-14,3,2026-03-07,wk inc flu hosp,quantile,0.05,42.91178466842277
35,2026-02-14,3,2026-03-07,wk inc flu hosp,quantile,0.05,43.46410982540461
36,2026-02-14,3,2026-03-07,wk inc flu hosp,quantile,0.05,36.710840047325966
37,2026-02-14,3,2026-03-07,wk inc flu hosp,quantile,0.05,76.47701197522211
38,2026-02-14,3,2026-03-07,wk inc flu hosp,quantile,0.05,7.243439211402027
39,2026-02-14,3,2026-03-07,wk inc flu hosp,quantile,0.05,117.06526863439217
40,2026-02-14,3,2026-03-07,wk inc flu hosp,quantile,0.05,60.14855835340104
41,2026-02-14,3,2026-03-07,wk inc flu hosp,quantile,0.05,118.16425005930837
42,2026-02-14,3,2026-03-07,wk inc flu hosp,quantile,0.05,174.78030815748633
44,2026-02-14,3,2026-03-07,wk inc flu hosp,quantile,0.05,1.2045134020760164
45,2026-02-14,3,2026-03-07,wk inc flu hosp,quantile,0.05,42.672799192425956
46,2026-02-14,3,2026-03-07,wk inc flu hosp,quantile,0.05,11.440394140866376
47,2026-02-14,3,2026-03-07,wk inc flu hosp,quantile,0.05,85.82835685287436
48,2026-02-14,3,2026-03-07,wk inc flu hosp,quantile,0.05,518.8421195020559
49,2026-02-14,3,2026-03-07,wk inc flu hosp,quantile,0.05,21.01915159208344
50,2026-02-14,3,2026-03-07,wk inc flu hosp,quantile,0.05,5.016101285526597
51,2026-02-14,3,2026-03-07,wk inc flu hosp,quantile,0.05,53.30731673418898
53,2026-02-14,3,2026-03-07,wk inc flu hosp,quantile,0.05,122.62105287558978
54,2026-02-14,3,2026-03-07,wk inc flu hosp,quantile,0.05,31.59483197749731
55,2026-02-14,3,2026-03-07,wk inc flu hosp,quantile,0.05,50.33491128264863
56,2026-02-14,3,2026-03-07,wk inc flu hosp,quantile,0.05,4.90175502129985
72,2026-02-14,3,2026-03-07,wk inc flu hosp,quantile,0.05,51.3287216127821
01,2026-02-14,0,2026-02-14,wk inc flu hosp,quantile,0.1,240.32310178440738
02,2026-02-14,0,2026-02-14,wk inc flu hosp,quantile,0.1,4.107653738004068
04,2026-02-14,0,2026-02-14,wk inc flu hosp,quantile,0.1,248.79787489610226
05,2026-02-14,0,2026-02-14,wk inc flu hosp,quantile,0.1,113.21034796527422
06,2026-02-14,0,2026-02-14,wk inc flu hosp,quantile,0.1,1298.2454753458355
08,2026-02-14,0,2026-02-14,wk inc flu hosp,quantile,0.1,73.00025305771628
09,2026-02-14,0,2026-02-14,wk inc flu hosp,quantile,0.1,27.686823400901645
10,2026-02-14,0,2026-02-14,wk inc flu hosp,quantile,0.1,22.65883605737191
11,2026-02-14,0,2026-02-14,wk inc flu hosp,quantile,0.1,1.335832844163627
12,2026-02-14,0,2026-02-14,wk inc flu hosp,quantile,0.1,1101.6386600282256
13,2026-02-14,0,2026-02-14,wk inc flu hosp,quantile,0.1,226.7544503424491
15,2026-02-14,0,2026-02-14,wk inc flu hosp,quantile,0.1,13.192505378287184
16,2026-02-14,0,2026-02-14,wk inc flu hosp,quantile,0.1,71.27070032119924
17,2026-02-14,0,2026-02-14,wk inc flu hosp,quantile,0.1,317.97703357191915
18,2026-02-14,0,2026-02-14,wk inc flu hosp,quantile,0.1,223.02612787827957
19,2026-02-14,0,2026-02-14,wk inc flu hosp,quantile,0.1,127.50424517864542
20,2026-02-14,0,2026-02-14,wk inc flu hosp,quantile,0.1,129.17210265998378
21,2026-02-14,0,2026-02-14,wk inc flu hosp,quantile,0.1,140.6339014364058
22,2026-02-14,0,2026-02-14,wk inc flu hosp,quantile,0.1,188.6549456995519
23,2026-02-14,0,2026-02-14,wk inc flu hosp,quantile,0.1,33.586550242695886
24,2026-02-14,0,2026-02-14,wk inc flu hosp,quantile,0.1,40.70609595640318
25,2026-02-14,0,2026-02-14,wk inc flu hosp,quantile,0.1,60.71068159504977
26,2026-02-14,0,2026-02-14,wk inc flu hosp,quantile,0.1,169.50574261630342
27,2026-02-14,0,2026-02-14,wk inc flu hosp,quantile,0.1,104.5436035226166
28,2026-02-14,0,2026-02-14,wk inc flu hosp,quantile,0.1,130.12079015709284
29,2026-02-14,0,2026-02-14,wk inc flu hosp,quantile,0.1,188.6726146914252
30,2026-02-14,0,2026-02-14,wk inc flu hosp,quantile,0.1,41.13597538314414
31,2026-02-14,0,2026-02-14,wk inc flu hosp,quantile,0.1,91.26322163658254
32,2026-02-14,0,2026-02-14,wk inc flu hosp,quantile,0.1,63.48236303680519
33,2026-02-14,0,2026-02-14,wk inc flu hosp,quantile,0.1,25.742404717169876
34,2026-02-14,0,2026-02-14,wk inc flu hosp,quantile,0.1,122.3661320970132
35,2026-02-14,0,2026-02-14,wk inc flu hosp,quantile,0.1,100.26233214492645
36,2026-02-14,0,2026-02-14,wk inc flu hosp,quantile,0.1,123.93173819163995
37,2026-02-14,0,2026-02-14,wk inc flu hosp,quantile,0.1,227.1502261368419
38,2026-02-14,0,2026-02-14,wk inc flu hosp,quantile,0.1,24.69960592447917
39,2026-02-14,0,2026-02-14,wk inc flu hosp,quantile,0.1,322.81716582153297
40,2026-02-14,0,2026-02-14,wk inc flu hosp,quantile,0.1,113.43269125052886
41,2026-02-14,0,2026-02-14,wk inc flu hosp,quantile,0.1,282.62237542017294
42,2026-02-14,0,2026-02-14,wk inc flu hosp,quantile,0.1,468.5434866037661
44,2026-02-14,0,2026-02-14,wk inc flu hosp,quantile,0.1,11.233457612271225
45,2026-02-14,0,2026-02-14,wk inc flu hosp,quantile,0.1,116.8207981733676
46,2026-02-14,0,2026-02-14,wk inc flu hosp,quantile,0.1,32.19262248117396
47,2026-02-14,0,2026-02-14,wk inc flu hosp,quantile,0.1,196.2364855443114
48,2026-02-14,0,2026-02-14,wk inc flu hosp,quantile,0.1,951.1424718029596
49,2026-02-14,0,2026-02-14,wk inc flu hosp,quantile,0.1,58.610169725778036
50,2026-02-14,0,2026-02-14,wk inc flu hosp,quantile,0.1,15.757952189953302
51,2026-02-14,0,2026-02-14,wk inc flu hosp,quantile,0.1,158.5375886743945
53,2026-02-14,0,2026-02-14,wk inc flu hosp,quantile,0.1,258.4184371713415
54,2026-02-14,0,2026-02-14,wk inc flu hosp,quantile,0.1,90.64951755596131
55,2026-02-14,0,2026-02-14,wk inc flu hosp,quantile,0.1,163.50175275337105
56,2026-02-14,0,2026-02-14,wk inc flu hosp,quantile,0.1,10.088720109671218
72,2026-02-14,0,2026-02-14,wk inc flu hosp,quantile,0.1,103.92514000847937
01,2026-02-14,1,2026-02-21,wk inc flu hosp,quantile,0.1,191.86022391141478
02,2026-02-14,1,2026-02-21,wk inc flu hosp,quantile,0.1,2.7169099222134894
04,2026-02-14,1,2026-02-21,wk inc flu hosp,quantile,0.1,234.07419047350123
05,2026-02-14,1,2026-02-21,wk inc flu hosp,quantile,0.1,91.42391973395594
06,2026-02-14,1,2026-02-21,wk inc flu hosp,quantile,0.1,1030.1964382613041
08,2026-02-14,1,2026-02-21,wk inc flu hosp,quantile,0.1,59.46137842162247
09,2026-02-14,1,2026-02-21,wk inc flu hosp,quantile,0.1,19.124641773787435
10,2026-02-14,1,2026-02-21,wk inc flu hosp,quantile,0.1,15.525175786826694
11,2026-02-14,1,2026-02-21,wk inc flu hosp,quantile,0.1,0.5259094355021531
12,2026-02-14,1,2026-02-21,wk inc flu hosp,quantile,0.1,864.0032801982471
13,2026-02-14,1,2026-02-21,wk inc flu hosp,quantile,0.1,186.84169582059832
15,2026-02-14,1,2026-02-21,wk inc flu hosp,quantile,0.1,10.397006724976912
16,2026-02-14,1,2026-02-21,wk inc flu hosp,quantile,0.1,55.92856281084395
17,2026-02-14,1,2026-02-21,wk inc flu hosp,quantile,0.1,241.42821774586963
18,2026-02-14,1,2026-02-21,wk inc flu hosp,quantile,0.1,181.58558754668007
19,2026-02-14,1,2026-02-21,wk inc flu hosp,quantile,0.1,99.46047468325129
20,2026-02-14,1,2026-02-21,wk inc flu hosp,quantile,0.1,100.51685404765365
21,2026-02-14,1,2026-02-21,wk inc flu hosp,quantile,0.1,106.70368933971206
22,2026-02-14,1,2026-02-21,wk inc flu hosp,quantile,0.1,145.9829535167971
23,2026-02-14,1,2026-02-21,wk inc flu hosp,quantile,0.1,24.236605164475012
24,2026-02-14,1,2026-02-21,wk inc flu hosp,quantile,0.1,28.51194088745965
25,2026-02-14,1,2026-02-21,wk inc flu hosp,quantile,0.1,44.21900062432809
26,2026-02-14,1,2026-02-21,wk inc flu hosp,quantile,0.1,135.46605141530287
27,2026-02-14,1,2026-02-21,wk inc flu hosp,quantile,0.1,72.19199706516928
28,2026-02-14,1,2026-02-21,wk inc flu hosp,quantile,0.1,111.55714592855789
29,2026-02-14,1,2026-02-21,wk inc flu hosp,quantile,0.1,141.47431503139921
30,2026-02-14,1,2026-02-21,wk inc flu hosp,quantile,0.1,31.809867622489207
31,2026-02-14,1,2026-02-21,wk inc flu hosp,quantile,0.1,71.54550006859026
32,2026-02-14,1,2026-02-21,wk inc flu hosp,quantile,0.1,52.67008154579405
33,2026-02-14,1,2026-02-21,wk inc flu hosp,quantile,0.1,18.099471713483975
34,2026-02-14,1,2026-02-21,wk inc flu hosp,quantile,0.1,93.31175477389804
35,2026-02-14,1,2026-02-21,wk inc flu hosp,quantile,0.1,78.79077366759118
36,2026-02-14,1,2026-02-21,wk inc flu hosp,quantile,0.1,88.5057863990449
37,2026-02-14,1,2026-02-21,wk inc flu hosp,quantile,0.1,167.48761702288382
38,2026-02-14,1,2026-02-21,wk inc flu hosp,quantile,0.1,18.818426494846662
39,2026-02-14,1,2026-02-21,wk inc flu hosp,quantile,0.1,239.34753551386262
40,2026-02-14,1,2026-02-21,wk inc flu hosp,quantile,0.1,98.9344355622412
41,2026-02-14,1,2026-02-21,wk inc flu hosp,quantile,0.1,226.64467648427654
42,2026-02-14,1,2026-02-21,wk inc flu hosp,quantile,0.1,343.9441057249319
44,2026-02-14,1,2026-02-21,wk inc flu hosp,quantile,0.1,7.152528184220643
45,2026-02-14,1,2026-02-21,wk inc flu hosp,quantile,0.1,90.08644979180092
46,2026-02-14,1,2026-02-21,wk inc flu hosp,quantile,0.1,25.002885378623464
47,2026-02-14,1,2026-02-21,wk inc flu hosp,quantile,0.1,156.97270472098472
48,2026-02-14,1,2026-02-21,wk inc flu hosp,quantile,0.1,802.1585021525857
49,2026-02-14,1,2026-02-21,wk inc flu hosp,quantile,0.1,44.84828668551192
50,2026-02-14,1,2026-02-21,wk inc flu hosp,quantile,0.1,11.599109499525683
51,2026-02-14,1,2026-02-21,wk inc flu hosp,quantile,0.1,118.00798257292466
53,2026-02-14,1,2026-02-21,wk inc flu hosp,quantile,0.1,212.5053693139318
54,2026-02-14,1,2026-02-21,wk inc flu hosp,quantile,0.1,69.40655492633083
55,2026-02-14,1,2026-02-21,wk inc flu hosp,quantile,0.1,121.92472416042477
56,2026-02-14,1,2026-02-21,wk inc flu hosp,quantile,0.1,8.515667950468902
72,2026-02-14,1,2026-02-21,wk inc flu hosp,quantile,0.1,86.49153840038471
01,2026-02-14,2,2026-02-28,wk inc flu hosp,quantile,0.1,152.30964978594398
02,2026-02-14,2,2026-02-28,wk inc flu hosp,quantile,0.1,1.8854828536338073
04,2026-02-14,2,2026-02-28,wk inc flu hosp,quantile,0.1,219.41062113004125
05,2026-02-14,2,2026-02-28,wk inc flu hosp,quantile,0.1,75.77920917661159
06,2026-02-14,2,2026-02-28,wk inc flu hosp,quantile,0.1,870.1726317767435
08,2026-02-14,2,2026-02-28,wk inc flu hosp,quantile,0.1,46.73816209908258
09,2026-02-14,2,2026-02-28,wk inc flu hosp,quantile,0.1,12.580596223387895
10,2026-02-14,2,2026-02-28,wk inc flu hosp,quantile,0.1,10.247748686568583
11,2026-02-14,2,2026-02-28,wk inc flu hosp,quantile,0.1,0.0
12,2026-02-14,2,2026-02-28,wk inc flu hosp,quantile,0.1,699.7969086937406
13,2026-02-14,2,2026-02-28,wk inc flu hosp,quantile,0.1,153.1359941639309
15,2026-02-14,2,2026-02-28,wk inc flu hosp,quantile,0.1,8.140315634468942
16,2026-02-14,2,2026-02-28,wk inc flu hosp,quantile,0.1,46.31677358184344
17,2026-02-14,2,2026-02-28,wk inc flu hosp,quantile,0.1,183.23172130972742
18,2026-02-14,2,2026-02-28,wk inc flu hosp,quantile,0.1,147.30473652050117
19,2026-02-14,2,2026-02-28,wk inc flu hosp,quantile,0.1,75.93672384938408
20,2026-02-14,2,2026-02-28,wk inc flu hosp,quantile,0.1,76.98577692690239
21,2026-02-14,2,2026-02-28,wk inc flu hosp,quantile,0.1,82.45585706901929
22,2026-02-14,2,2026-02-28,wk inc flu hosp,quantile,0.1,121.14811872018448
23,2026-02-14,2,2026-02-28,wk inc flu hosp,quantile,0.1,18.505665740158637
24,2026-02-14,2,2026-02-28,wk inc flu hosp,quantile,0.1,20.59077511415354
25,2026-02-14,2,2026-02-28,wk inc flu hosp,quantile,0.1,33.03862260710081
26,2026-02-14,2,2026-02-28,wk inc flu hosp,quantile,0.1,108.04504945132709
27,2026-02-14,2,2026-02-28,wk inc flu hosp,quantile,0.1,53.44743964909977
28,2026-02-14,2,2026-02-28,wk inc flu hosp,quantile,0.1,96.33931213075263
29,2026-02-14,2,2026-02-28,wk inc flu hosp,quantile,0.1,109.15730026795626
30,2026-02-14,2,2026-02-28,wk inc flu hosp,quantile,0.1,26.249984197732935
31,2026-02-14,2,2026-02-28,wk inc flu hosp,quantile,0.1,55.83995520868623
32,2026-02-14,2,2026-02-28,wk inc flu hosp,quantile,0.1,44.091607260765706
33,2026-02-14,2,2026-02-28,wk inc flu hosp,quantile,0.1,12.697551527007663
34,2026-02-14,2,2026-02-28,wk inc flu hosp,quantile,0.1,69.10273129708483
35,2026-02-14,2,2026-02-28,wk inc flu hosp,quantile,0.1,63.55527597871953
36,2026-02-14,2,2026-02-28,wk inc flu hosp,quantile,0.1,62.707626701967314
37,2026-02-14,2,2026-02-28,wk inc flu hosp,quantile,0.1,128.23481739839147
38,2026-02-14,2,2026-02-28,wk inc flu hosp,quantile,0.1,13.648611280611462
39,2026-02-14,2,2026-02-28,wk inc flu hosp,quantile,0.1,183.73388362476572
40,2026-02-14,2,2026-02-28,wk inc flu hosp,quantile,0.1,81.56696042112722
41,2026-02-14,2,2026-02-28,wk inc flu hosp,quantile,0.1,191.92531183253982
42,2026-02-14,2,2026-02-28,wk inc flu hosp,quantile,0.1,265.92551012626467
44,2026-02-14,2,2026-02-28,wk inc flu hosp,quantile,0.1,4.682146949110382
45,2026-02-14,2,2026-02-28,wk inc flu hosp,quantile,0.1,71.01288792310643
46,2026-02-14,2,2026-02-28,wk inc flu hosp,quantile,0.1,19.271657986949787
47,2026-02-14,2,2026-02-28,wk inc flu hosp,quantile,0.1,125.9850433014597
48,2026-02-14,2,2026-02-28,wk inc flu hosp,quantile,0.1,678.8052986376367
49,2026-02-14,2,2026-02-28,wk inc flu hosp,quantile,0.1,35.90481516893702
50,2026-02-14,2,2026-02-28,wk inc flu hosp,quantile,0.1,8.98966335907447
51,2026-02-14,2,2026-02-28,wk inc flu hosp,quantile,0.1,91.41812196685136
53,2026-02-14,2,2026-02-28,wk inc flu hosp,quantile,0.1,179.5012132285089
54,2026-02-14,2,2026-02-28,wk inc flu hosp,quantile,0.1,52.95637407942898
55,2026-02-14,2,2026-02-28,wk inc flu hosp,quantile,0.1,95.46441381613587
56,2026-02-14,2,2026-02-28,wk inc flu hosp,quantile,0.1,7.830881336120789
72,2026-02-14,2,2026-02-28,wk inc flu hosp,quantile,0.1,72.36346038560282
01,2026-02-14,3,2026-03-07,wk inc flu hosp,quantile,0.1,124.57657479987999
02,2026-02-14,3,2026-03-07,wk inc flu hosp,quantile,0.1,1.2568395705210116
04,2026-02-14,3,2026-03-07,wk inc flu hosp,quantile,0.1,205.04039883330628
05,2026-02-14,3,2026-03-07,wk inc flu hosp,quantile,0.1,60.80078423514476
06,2026-02-14,3,2026-03-07,wk inc flu hosp,quantile,0.1,704.8447324802561
08,2026-02-14,3,2026-03-07,wk inc flu hosp,quantile,0.1,37.05836702400145
09,2026-02-14,3,2026-03-07,wk inc flu hosp,quantile,0.1,8.558148849108955
10,2026-02-14,3,2026-03-07,wk inc flu hosp,quantile,0.1,6.950924914803498
11,2026-02-14,3,2026-03-07,wk inc flu hosp,quantile,0.1,0.0
12,2026-02-14,3,2026-03-07,wk inc flu hosp,quantile,0.1,563.6960589418641
13,2026-02-14,3,2026-03-07,wk inc flu hosp,quantile,0.1,121.43549450032953
15,2026-02-14,3,2026-03-07,wk inc flu hosp,quantile,0.1,6.60931575165301
16,2026-02-14,3,2026-03-07,wk inc flu hosp,quantile,0.1,38.40986591616759
17,2026-02-14,3,2026-03-07,wk inc flu hosp,quantile,0.1,142.42179223782367
18,2026-02-14,3,2026-03-07,wk inc flu hosp,quantile,0.1,120.24174017765041
19,2026-02-14,3,2026-03-07,wk inc flu hosp,quantile,0.1,56.32849292199449
20,2026-02-14,3,2026-03-07,wk inc flu hosp,quantile,0.1,60.0976905780093
21,2026-02-14,3,2026-03-07,wk inc flu hosp,quantile,0.1,64.74933498839867
22,2026-02-14,3,2026-03-07,wk inc flu hosp,quantile,0.1,95.17284328482155
23,2026-02-14,3,2026-03-07,wk inc flu hosp,quantile,0.1,13.98587829662039
24,2026-02-14,3,2026-03-07,wk inc flu hosp,quantile,0.1,13.889633356339077
25,2026-02-14,3,2026-03-07,wk inc flu hosp,quantile,0.1,24.24953895701368
26,2026-02-14,3,2026-03-07,wk inc flu hosp,quantile,0.1,86.37499189241186
27,2026-02-14,3,2026-03-07,wk inc flu hosp,quantile,0.1,38.479453596916855
28,2026-02-14,3,2026-03-07,wk inc flu hosp,quantile,0.1,82.27955748405684
29,2026-02-14,3,2026-03-07,wk inc flu hosp,quantile,0.1,84.23872368299163
30,2026-02-14,3,2026-03-07,wk inc flu hosp,quantile,0.1,21.391129012175206
31,2026-02-14,3,2026-03-07,wk inc flu hosp,quantile,0.1,44.039267824929894
32,2026-02-14,3,2026-03-07,wk inc flu hosp,quantile,0.1,35.934468642180256
33,2026-02-14,3,2026-03-07,wk inc flu hosp,quantile,0.1,9.661606265890592
34,2026-02-14,3,2026-03-07,wk inc flu hosp,quantile,0.1,52.88773430392928
35,2026-02-14,3,2026-03-07,wk inc flu hosp,quantile,0.1,50.60116051931753
36,2026-02-14,3,2026-03-07,wk inc flu hosp,quantile,0.1,42.26078813702343
37,2026-02-14,3,2026-03-07,wk inc flu hosp,quantile,0.1,98.33557790337184
38,2026-02-14,3,2026-03-07,wk inc flu hosp,quantile,0.1,9.797025960214343
39,2026-02-14,3,2026-03-07,wk inc flu hosp,quantile,0.1,140.9115603463502
40,2026-02-14,3,2026-03-07,wk inc flu hosp,quantile,0.1,66.49730972151477
41,2026-02-14,3,2026-03-07,wk inc flu hosp,quantile,0.1,156.2739074940242
42,2026-02-14,3,2026-03-07,wk inc flu hosp,quantile,0.1,207.1419827903956
44,2026-02-14,3,2026-03-07,wk inc flu hosp,quantile,0.1,2.9131086665558654
45,2026-02-14,3,2026-03-07,wk inc flu hosp,quantile,0.1,57.760900188243696
46,2026-02-14,3,2026-03-07,wk inc flu hosp,quantile,0.1,15.255888727339158
47,2026-02-14,3,2026-03-07,wk inc flu hosp,quantile,0.1,102.32741173363999
48,2026-02-14,3,2026-03-07,wk inc flu hosp,quantile,0.1,563.3985439176171
49,2026-02-14,3,2026-03-07,wk inc flu hosp,quantile,0.1,28.223590864666594
50,2026-02-14,3,2026-03-07,wk inc flu hosp,quantile,0.1,7.10723935647101
51,2026-02-14,3,2026-03-07,wk inc flu hosp,quantile,0.1,70.76409765766228
53,2026-02-14,3,2026-03-07,wk inc flu hosp,quantile,0.1,142.06314229799426
54,2026-02-14,3,2026-03-07,wk inc flu hosp,quantile,0.1,41.164025615557804
55,2026-02-14,3,2026-03-07,wk inc flu hosp,quantile,0.1,70.00281663296612
56,2026-02-14,3,2026-03-07,wk inc flu hosp,quantile,0.1,6.848398185626596
72,2026-02-14,3,2026-03-07,wk inc flu hosp,quantile,0.1,60.27143273091293
01,2026-02-14,0,2026-02-14,wk inc flu hosp,quantile,0.15,253.57381594302683
02,2026-02-14,0,2026-02-14,wk inc flu hosp,quantile,0.15,5.000226548025693
04,2026-02-14,0,2026-02-14,wk inc flu hosp,quantile,0.15,264.27376333019276
05,2026-02-14,0,2026-02-14,wk inc flu hosp,quantile,0.15,121.98463871073274
06,2026-02-14,0,2026-02-14,wk inc flu hosp,quantile,0.15,1383.578321432721
08,2026-02-14,0,2026-02-14,wk inc flu hosp,quantile,0.15,80.17141099119581
09,2026-02-14,0,2026-02-14,wk inc flu hosp,quantile,0.15,31.348365821917355
10,2026-02-14,0,2026-02-14,wk inc flu hosp,quantile,0.15,25.712156809843638
11,2026-02-14,0,2026-02-14,wk inc flu hosp,quantile,0.15,1.8875302159958591
12,2026-02-14,0,2026-02-14,wk inc flu hosp,quantile,0.15,1155.226734325817
13,2026-02-14,0,2026-02-14,wk inc flu hosp,quantile,0.15,241.11403027169396
15,2026-02-14,0,2026-02-14,wk inc flu hosp,quantile,0.15,14.672819037669232
16,2026-02-14,0,2026-02-14,wk inc flu hosp,quantile,0.15,77.50378467698326
17,2026-02-14,0,2026-02-14,wk inc flu hosp,quantile,0.15,335.9261305624318
18,2026-02-14,0,2026-02-14,wk inc flu hosp,quantile,0.15,240.0453019654439
19,2026-02-14,0,2026-02-14,wk inc flu hosp,quantile,0.15,137.46978478370298
20,2026-02-14,0,2026-02-14,wk inc flu hosp,quantile,0.15,140.045813134766
21,2026-02-14,0,2026-02-14,wk inc flu hosp,quantile,0.15,151.67039553604704
22,2026-02-14,0,2026-02-14,wk inc flu hosp,quantile,0.15,199.79762167106236
23,2026-02-14,0,2026-02-14,wk inc flu hosp,quantile,0.15,36.724456052445085
24,2026-02-14,0,2026-02-14,wk inc flu hosp,quantile,0.15,44.227630561775136
25,2026-02-14,0,2026-02-14,wk inc flu hosp,quantile,0.15,65.46872534947425
26,2026-02-14,0,2026-02-14,wk inc flu hosp,quantile,0.15,182.97545990721616
27,2026-02-14,0,2026-02-14,wk inc flu hosp,quantile,0.15,113.31680444319834
28,2026-02-14,0,2026-02-14,wk inc flu hosp,quantile,0.15,135.83253908412817
29,2026-02-14,0,2026-02-14,wk inc flu hosp,quantile,0.15,204.3752319992448
30,2026-02-14,0,2026-02-14,wk inc flu hosp,quantile,0.15,45.68869803218027
31,2026-02-14,0,2026-02-14,wk inc flu hosp,quantile,0.15,99.16199947023676
32,2026-02-14,0,2026-02-14,wk inc flu hosp,quantile,0.15,69.13373397974469
33,2026-02-14,0,2026-02-14,wk inc flu hosp,quantile,0.15,28.048444040490367
34,2026-02-14,0,2026-02-14,wk inc flu hosp,quantile,0.15,132.0954321404255
35,2026-02-14,0,2026-02-14,wk inc flu hosp,quantile,0.15,108.38284687675102
36,2026-02-14,0,2026-02-14,wk inc flu hosp,quantile,0.15,138.22960555720198
37,2026-02-14,0,2026-02-14,wk inc flu hosp,quantile,0.15,239.13117845208035
38,2026-02-14,0,2026-02-14,wk inc flu hosp,quantile,0.15,27.62679632333593
39,2026-02-14,0,2026-02-14,wk inc flu hosp,quantile,0.15,343.26366626432645
40,2026-02-14,0,2026-02-14,wk inc flu hosp,quantile,0.15,121.98609947432095
41,2026-02-14,0,2026-02-14,wk inc flu hosp,quantile,0.15,308.62345596635055
42,2026-02-14,0,2026-02-14,wk inc flu hosp,quantile,0.15,497.7595236681449
44,2026-02-14,0,2026-02-14,wk inc flu hosp,quantile,0.15,12.527832167372464
45,2026-02-14,0,2026-02-14,wk inc flu hosp,quantile,0.15,126.16922342255978
46,2026-02-14,0,2026-02-14,wk inc flu hosp,quantile,0.15,35.446149048977105
47,2026-02-14,0,2026-02-14,wk inc flu hosp,quantile,0.15,212.83229488099698
48,2026-02-14,0,2026-02-14,wk inc flu hosp,quantile,0.15,996.5613182686421
49,2026-02-14,0,2026-02-14,wk inc flu hosp,quantile,0.15,63.71984330520048
50,2026-02-14,0,2026-02-14,wk inc flu hosp,quantile,0.15,17.23877387798782
51,2026-02-14,0,2026-02-14,wk inc flu hosp,quantile,0.15,169.82812881513485
53,2026-02-14,0,2026-02-14,wk inc flu hosp,quantile,0.15,281.93591420491094
54,2026-02-14,0,2026-02-14,wk inc flu hosp,quantile,0.15,99.46706600249864
55,2026-02-14,0,2026-02-14,wk inc flu hosp,quantile,0.15,177.16673411385992
56,2026-02-14,0,2026-02-14,wk inc flu hosp,quantile,0.15,11.051038616440005
72,2026-02-14,0,2026-02-14,wk inc flu hosp,quantile,0.15,109.9592904964576
01,2026-02-14,1,2026-02-21,wk inc flu hosp,quantile,0.15,211.23320385937768
02,2026-02-14,1,2026-02-21,wk inc flu hosp,quantile,0.15,3.585849760783196
04,2026-02-14,1,2026-02-21,wk inc flu hosp,quantile,0.15,252.10595624751338
05,2026-02-14,1,2026-02-21,wk inc flu hosp,quantile,0.15,102.45425029582772
06,2026-02-14,1,2026-02-21,wk inc flu hosp,quantile,0.15,1176.5964607498381
08,2026-02-14,1,2026-02-21,wk inc flu hosp,quantile,0.15,65.85818852046266
09,2026-02-14,1,2026-02-21,wk inc flu hosp,quantile,0.15,21.905120620869546
10,2026-02-14,1,2026-02-21,wk inc flu hosp,quantile,0.15,18.322392544521367
11,2026-02-14,1,2026-02-21,wk inc flu hosp,quantile,0.15,0.9482746457633873
12,2026-02-14,1,2026-02-21,wk inc flu hosp,quantile,0.15,945.5520642329002
13,2026-02-14,1,2026-02-21,wk inc flu hosp,quantile,0.15,193.91832185578198
15,2026-02-14,1,2026-02-21,wk inc flu hosp,quantile,0.15,11.499023881008972
16,2026-02-14,1,2026-02-21,wk inc flu hosp,quantile,0.15,65.15427459385315
17,2026-02-14,1,2026-02-21,wk inc flu hosp,quantile,0.15,263.1576860257539
18,2026-02-14,1,2026-02-21,wk inc flu hosp,quantile,0.15,195.5928406125073
19,2026-02-14,1,2026-02-21,wk inc flu hosp,quantile,0.15,107.08037135018358
20,2026-02-14,1,2026-02-21,wk inc flu hosp,quantile,0.15,112.82357602286821
21,2026-02-14,1,2026-02-21,wk inc flu hosp,quantile,0.15,119.8953364295063
22,2026-02-14,1,2026-02-21,wk inc flu hosp,quantile,0.15,163.53033652372125
23,2026-02-14,1,2026-02-21,wk inc flu hosp,quantile,0.15,28.08486567773412
24,2026-02-14,1,2026-02-21,wk inc flu hosp,quantile,0.15,31.387437187801464
25,2026-02-14,1,2026-02-21,wk inc flu hosp,quantile,0.15,48.76042300059289
26,2026-02-14,1,2026-02-21,wk inc flu hosp,quantile,0.15,146.37009308836866
27,2026-02-14,1,2026-02-21,wk inc flu hosp,quantile,0.15,85.18421105768968
28,2026-02-14,1,2026-02-21,wk inc flu hosp,quantile,0.15,118.04747775533708
29,2026-02-14,1,2026-02-21,wk inc flu hosp,quantile,0.15,160.8300584206634
30,2026-02-14,1,2026-02-21,wk inc flu hosp,quantile,0.15,37.536785145916845
31,2026-02-14,1,2026-02-21,wk inc flu hosp,quantile,0.15,79.43908149900523
32,2026-02-14,1,2026-02-21,wk inc flu hosp,quantile,0.15,60.0560161978362
33,2026-02-14,1,2026-02-21,wk inc flu hosp,quantile,0.15,20.683509054057424
34,2026-02-14,1,2026-02-21,wk inc flu hosp,quantile,0.15,100.90914474671717
35,2026-02-14,1,2026-02-21,wk inc flu hosp,quantile,0.15,87.96981185151999
36,2026-02-14,1,2026-02-21,wk inc flu hosp,quantile,0.15,99.87482642031485
37,2026-02-14,1,2026-02-21,wk inc flu hosp,quantile,0.15,181.23141310895937
38,2026-02-14,1,2026-02-21,wk inc flu hosp,quantile,0.15,21.643460154367435
39,2026-02-14,1,2026-02-21,wk inc flu hosp,quantile,0.15,268.60372163967236
40,2026-02-14,1,2026-02-21,wk inc flu hosp,quantile,0.15,102.18321025485312
41,2026-02-14,1,2026-02-21,wk inc flu hosp,quantile,0.15,260.1927720209932
42,2026-02-14,1,2026-02-21,wk inc flu hosp,quantile,0.15,382.0484254102916
44,2026-02-14,1,2026-02-21,wk inc flu hosp,quantile,0.15,8.732688792279102
45,2026-02-14,1,2026-02-21,wk inc flu hosp,quantile,0.15,99.67276008134036
46,2026-02-14,1,2026-02-21,wk inc flu hosp,quantile,0.15,28.360043435584046
47,2026-02-14,1,2026-02-21,wk inc flu hosp,quantile,0.15,174.40160515706637
48,2026-02-14,1,2026-02-21,wk inc flu hosp,quantile,0.15,843.9757397269537
49,2026-02-14,1,2026-02-21,wk inc flu hosp,quantile,0.15,52.27119796255949
50,2026-02-14,1,2026-02-21,wk inc flu hosp,quantile,0.15,13.718316639749574
51,2026-02-14,1,2026-02-21,wk inc flu hosp,quantile,0.15,131.72333426954606
53,2026-02-14,1,2026-02-21,wk inc flu hosp,quantile,0.15,241.08227681570017
54,2026-02-14,1,2026-02-21,wk inc flu hosp,quantile,0.15,78.09285954006647
55,2026-02-14,1,2026-02-21,wk inc flu hosp,quantile,0.15,138.1738560589812
56,2026-02-14,1,2026-02-21,wk inc flu hosp,quantile,0.15,9.565009759854355
72,2026-02-14,1,2026-02-21,wk inc flu hosp,quantile,0.15,91.78140969459973
01,2026-02-14,2,2026-02-28,wk inc flu hosp,quantile,0.15,173.8700743732203
02,2026-02-14,2,2026-02-28,wk inc flu hosp,quantile,0.15,2.7671372107190906
04,2026-02-14,2,2026-02-28,wk inc flu hosp,quantile,0.15,231.50320066048585
05,2026-02-14,2,2026-02-28,wk inc flu hosp,quantile,0.15,85.15670106841218
06,2026-02-14,2,2026-02-28,wk inc flu hosp,quantile,0.15,1004.0402146442046
08,2026-02-14,2,2026-02-28,wk inc flu hosp,quantile,0.15,51.501746158355985
09,2026-02-14,2,2026-02-28,wk inc flu hosp,quantile,0.15,14.785804636920751
10,2026-02-14,2,2026-02-28,wk inc flu hosp,quantile,0.15,12.085384475900621
11,2026-02-14,2,2026-02-28,wk inc flu hosp,quantile,0.15,0.27797360250927056
12,2026-02-14,2,2026-02-28,wk inc flu hosp,quantile,0.15,725.1746408399911
13,2026-02-14,2,2026-02-28,wk inc flu hosp,quantile,0.15,155.7467178229715
15,2026-02-14,2,2026-02-28,wk inc flu hosp,quantile,0.15,9.296253038420863
16,2026-02-14,2,2026-02-28,wk inc flu hosp,quantile,0.15,54.27861448173777
17,2026-02-14,2,2026-02-28,wk inc flu hosp,quantile,0.15,196.10287231070015
18,2026-02-14,2,2026-02-28,wk inc flu hosp,quantile,0.15,154.9551356316213
19,2026-02-14,2,2026-02-28,wk inc flu hosp,quantile,0.15,77.91265962703308
20,2026-02-14,2,2026-02-28,wk inc flu hosp,quantile,0.15,84.6623437512065
21,2026-02-14,2,2026-02-28,wk inc flu hosp,quantile,0.15,92.19268059453653
22,2026-02-14,2,2026-02-28,wk inc flu hosp,quantile,0.15,126.77494364842131
23,2026-02-14,2,2026-02-28,wk inc flu hosp,quantile,0.15,20.535461257623915
24,2026-02-14,2,2026-02-28,wk inc flu hosp,quantile,0.15,20.848281407528134
25,2026-02-14,2,2026-02-28,wk inc flu hosp,quantile,0.15,33.819005178954754
26,2026-02-14,2,2026-02-28,wk inc flu hosp,quantile,0.15,113.46026534112167
27,2026-02-14,2,2026-02-28,wk inc flu hosp,quantile,0.15,61.11207863563646
28,2026-02-14,2,2026-02-28,wk inc flu hosp,quantile,0.15,98.18173785927003
29,2026-02-14,2,2026-02-28,wk inc flu hosp,quantile,0.15,118.42938418951249
30,2026-02-14,2,2026-02-28,wk inc flu hosp,quantile,0.15,30.171873270821123
31,2026-02-14,2,2026-02-28,wk inc flu hosp,quantile,0.15,60.11554583669236
32,2026-02-14,2,2026-02-28,wk inc flu hosp,quantile,0.15,50.858773963246755
33,2026-02-14,2,2026-02-28,wk inc flu hosp,quantile,0.15,14.362323586956354
34,2026-02-14,2,2026-02-28,wk inc flu hosp,quantile,0.15,73.25486838315928
35,2026-02-14,2,2026-02-28,wk inc flu hosp,quantile,0.15,71.12215051732845
36,2026-02-14,2,2026-02-28,wk inc flu hosp,quantile,0.15,67.99900143583235
37,2026-02-14,2,2026-02-28,wk inc flu hosp,quantile,0.15,136.4154175925976
38,2026-02-14,2,2026-02-28,wk inc flu hosp,quantile,0.15,15.282102724245778
39,2026-02-14,2,2026-02-28,wk inc flu hosp,quantile,0.15,198.66486423072328
40,2026-02-14,2,2026-02-28,wk inc flu hosp,quantile,0.15,82.38152354859827
41,2026-02-14,2,2026-02-28,wk inc flu hosp,quantile,0.15,218.3343763081171
42,2026-02-14,2,2026-02-28,wk inc flu hosp,quantile,0.15,281.92635206249287
44,2026-02-14,2,2026-02-28,wk inc flu hosp,quantile,0.15,5.5228849864540805
45,2026-02-14,2,2026-02-28,wk inc flu hosp,quantile,0.15,77.1225214764013
46,2026-02-14,2,2026-02-28,wk inc flu hosp,quantile,0.15,21.083510878906985
47,2026-02-14,2,2026-02-28,wk inc flu hosp,quantile,0.15,138.86519465968448
48,2026-02-14,2,2026-02-28,wk inc flu hosp,quantile,0.15,709.6043649934481
49,2026-02-14,2,2026-02-28,wk inc flu hosp,quantile,0.15,40.97281005498832
50,2026-02-14,2,2026-02-28,wk inc flu hosp,quantile,0.15,10.124481554927229
51,2026-02-14,2,2026-02-28,wk inc flu hosp,quantile,0.15,97.5295723649854
53,2026-02-14,2,2026-02-28,wk inc flu hosp,quantile,0.15,203.5362525056263
54,2026-02-14,2,2026-02-28,wk inc flu hosp,quantile,0.15,56.99564167898827
55,2026-02-14,2,2026-02-28,wk inc flu hosp,quantile,0.15,98.60196655033211
56,2026-02-14,2,2026-02-28,wk inc flu hosp,quantile,0.15,8.281625872521554
72,2026-02-14,2,2026-02-28,wk inc flu hosp,quantile,0.15,79.02510606996556
01,2026-02-14,3,2026-03-07,wk inc flu hosp,quantile,0.15,138.3134416639016
02,2026-02-14,3,2026-03-07,wk inc flu hosp,quantile,0.15,2.1707754555494683
04,2026-02-14,3,2026-03-07,wk inc flu hosp,quantile,0.15,213.67166035173653
05,2026-02-14,3,2026-03-07,wk inc flu hosp,quantile,0.15,70.92892011779098
06,2026-02-14,3,2026-03-07,wk inc flu hosp,quantile,0.15,793.2354100296637
08,2026-02-14,3,2026-03-07,wk inc flu hosp,quantile,0.15,42.19637107029238
09,2026-02-14,3,2026-03-07,wk inc flu hosp,quantile,0.15,11.32564851847014
10,2026-02-14,3,2026-03-07,wk inc flu hosp,quantile,0.15,8.747466667443303
11,2026-02-14,3,2026-03-07,wk inc flu hosp,quantile,0.15,0.0
12,2026-02-14,3,2026-03-07,wk inc flu hosp,quantile,0.15,592.898048816957
13,2026-02-14,3,2026-03-07,wk inc flu hosp,quantile,0.15,127.7344838427517
15,2026-02-14,3,2026-03-07,wk inc flu hosp,quantile,0.15,7.772232903699514
16,2026-02-14,3,2026-03-07,wk inc flu hosp,quantile,0.15,44.42895525220696
17,2026-02-14,3,2026-03-07,wk inc flu hosp,quantile,0.15,156.59626151289814
18,2026-02-14,3,2026-03-07,wk inc flu hosp,quantile,0.15,128.75608187348888
19,2026-02-14,3,2026-03-07,wk inc flu hosp,quantile,0.15,58.62559292331985
20,2026-02-14,3,2026-03-07,wk inc flu hosp,quantile,0.15,63.274061532642534
21,2026-02-14,3,2026-03-07,wk inc flu hosp,quantile,0.15,75.58714788437221
22,2026-02-14,3,2026-03-07,wk inc flu hosp,quantile,0.15,100.56150863830393
23,2026-02-14,3,2026-03-07,wk inc flu hosp,quantile,0.15,15.463470897303969
24,2026-02-14,3,2026-03-07,wk inc flu hosp,quantile,0.15,15.593685469590952
25,2026-02-14,3,2026-03-07,wk inc flu hosp,quantile,0.15,24.96422437807943
26,2026-02-14,3,2026-03-07,wk inc flu hosp,quantile,0.15,92.64664175447797
27,2026-02-14,3,2026-03-07,wk inc flu hosp,quantile,0.15,46.596991557072016
28,2026-02-14,3,2026-03-07,wk inc flu hosp,quantile,0.15,86.95867322761357
29,2026-02-14,3,2026-03-07,wk inc flu hosp,quantile,0.15,91.54511957628466
30,2026-02-14,3,2026-03-07,wk inc flu hosp,quantile,0.15,24.008343531926723
31,2026-02-14,3,2026-03-07,wk inc flu hosp,quantile,0.15,45.99635171862929
32,2026-02-14,3,2026-03-07,wk inc flu hosp,quantile,0.15,42.79884038391558
33,2026-02-14,3,2026-03-07,wk inc flu hosp,quantile,0.15,10.856256665837552
34,2026-02-14,3,2026-03-07,wk inc flu hosp,quantile,0.15,59.21247532486169
35,2026-02-14,3,2026-03-07,wk inc flu hosp,quantile,0.15,58.17463533463806
36,2026-02-14,3,2026-03-07,wk inc flu hosp,quantile,0.15,49.524425121256385
37,2026-02-14,3,2026-03-07,wk inc flu hosp,quantile,0.15,104.86053692707281
38,2026-02-14,3,2026-03-07,wk inc flu hosp,quantile,0.15,11.485099951838858
39,2026-02-14,3,2026-03-07,wk inc flu hosp,quantile,0.15,159.95752673322127
40,2026-02-14,3,2026-03-07,wk inc flu hosp,quantile,0.15,68.07919760035739
41,2026-02-14,3,2026-03-07,wk inc flu hosp,quantile,0.15,174.38511399827308
42,2026-02-14,3,2026-03-07,wk inc flu hosp,quantile,0.15,230.04830320202086
44,2026-02-14,3,2026-03-07,wk inc flu hosp,quantile,0.15,3.828154250160322
45,2026-02-14,3,2026-03-07,wk inc flu hosp,quantile,0.15,62.02948991279664
46,2026-02-14,3,2026-03-07,wk inc flu hosp,quantile,0.15,16.394192600359105
47,2026-02-14,3,2026-03-07,wk inc flu hosp,quantile,0.15,113.6463795184106
48,2026-02-14,3,2026-03-07,wk inc flu hosp,quantile,0.15,597.3362222639811
49,2026-02-14,3,2026-03-07,wk inc flu hosp,quantile,0.15,32.36370489943772
50,2026-02-14,3,2026-03-07,wk inc flu hosp,quantile,0.15,8.00341111271319
51,2026-02-14,3,2026-03-07,wk inc flu hosp,quantile,0.15,78.61631508650487
53,2026-02-14,3,2026-03-07,wk inc flu hosp,quantile,0.15,166.80252099172404
54,2026-02-14,3,2026-03-07,wk inc flu hosp,quantile,0.15,43.785003764784264
55,2026-02-14,3,2026-03-07,wk inc flu hosp,quantile,0.15,76.45265163347594
56,2026-02-14,3,2026-03-07,wk inc flu hosp,quantile,0.15,7.060386823216543
72,2026-02-14,3,2026-03-07,wk inc flu hosp,quantile,0.15,67.07929520721117
01,2026-02-14,0,2026-02-14,wk inc flu hosp,quantile,0.2,263.9824855632089
02,2026-02-14,0,2026-02-14,wk inc flu hosp,quantile,0.2,5.850910383026281
04,2026-02-14,0,2026-02-14,wk inc flu hosp,quantile,0.2,266.1621767727019
05,2026-02-14,0,2026-02-14,wk inc flu hosp,quantile,0.2,129.46387735605575
06,2026-02-14,0,2026-02-14,wk inc flu hosp,quantile,0.2,1479.0047931680385
08,2026-02-14,0,2026-02-14,wk inc flu hosp,quantile,0.2,85.47376563977453
09,2026-02-14,0,2026-02-14,wk inc flu hosp,quantile,0.2,33.23209154432954
10,2026-02-14,0,2026-02-14,wk inc flu hosp,quantile,0.2,27.72399446468059
11,2026-02-14,0,2026-02-14,wk inc flu hosp,quantile,0.2,2.48934252947149
12,2026-02-14,0,2026-02-14,wk inc flu hosp,quantile,0.2,1200.1399984333282
13,2026-02-14,0,2026-02-14,wk inc flu hosp,quantile,0.2,247.03401396608245
15,2026-02-14,0,2026-02-14,wk inc flu hosp,quantile,0.2,15.80418087591769
16,2026-02-14,0,2026-02-14,wk inc flu hosp,quantile,0.2,81.0038226288905
17,2026-02-14,0,2026-02-14,wk inc flu hosp,quantile,0.2,354.62080555993475
18,2026-02-14,0,2026-02-14,wk inc flu hosp,quantile,0.2,248.86707677846437
19,2026-02-14,0,2026-02-14,wk inc flu hosp,quantile,0.2,140.14193020132774
20,2026-02-14,0,2026-02-14,wk inc flu hosp,quantile,0.2,145.84911028146345
21,2026-02-14,0,2026-02-14,wk inc flu hosp,quantile,0.2,158.25814261744458
22,2026-02-14,0,2026-02-14,wk inc flu hosp,quantile,0.2,208.07287082961312
23,2026-02-14,0,2026-02-14,wk inc flu hosp,quantile,0.2,39.29816137735705
24,2026-02-14,0,2026-02-14,wk inc flu hosp,quantile,0.2,46.2539215164877
25,2026-02-14,0,2026-02-14,wk inc flu hosp,quantile,0.2,69.97078457041401
26,2026-02-14,0,2026-02-14,wk inc flu hosp,quantile,0.2,193.93702920638043
27,2026-02-14,0,2026-02-14,wk inc flu hosp,quantile,0.2,120.83539924862585
28,2026-02-14,0,2026-02-14,wk inc flu hosp,quantile,0.2,140.3675484460973
29,2026-02-14,0,2026-02-14,wk inc flu hosp,quantile,0.2,215.28249765247637
30,2026-02-14,0,2026-02-14,wk inc flu hosp,quantile,0.2,49.06689550238111
31,2026-02-14,0,2026-02-14,wk inc flu hosp,quantile,0.2,101.57564355158358
32,2026-02-14,0,2026-02-14,wk inc flu hosp,quantile,0.2,72.39780699228267
33,2026-02-14,0,2026-02-14,wk inc flu hosp,quantile,0.2,29.841144113692614
34,2026-02-14,0,2026-02-14,wk inc flu hosp,quantile,0.2,138.65897025274364
35,2026-02-14,0,2026-02-14,wk inc flu hosp,quantile,0.2,113.43967402430121
36,2026-02-14,0,2026-02-14,wk inc flu hosp,quantile,0.2,147.91323140475836
37,2026-02-14,0,2026-02-14,wk inc flu hosp,quantile,0.2,251.764785889481
38,2026-02-14,0,2026-02-14,wk inc flu hosp,quantile,0.2,29.758873874791195
39,2026-02-14,0,2026-02-14,wk inc flu hosp,quantile,0.2,363.24628745272054
40,2026-02-14,0,2026-02-14,wk inc flu hosp,quantile,0.2,124.49278390308572
41,2026-02-14,0,2026-02-14,wk inc flu hosp,quantile,0.2,327.1053346889069
42,2026-02-14,0,2026-02-14,wk inc flu hosp,quantile,0.2,516.9886999407604
44,2026-02-14,0,2026-02-14,wk inc flu hosp,quantile,0.2,13.681526965138554
45,2026-02-14,0,2026-02-14,wk inc flu hosp,quantile,0.2,132.00773847029262
46,2026-02-14,0,2026-02-14,wk inc flu hosp,quantile,0.2,37.36401835764635
47,2026-02-14,0,2026-02-14,wk inc flu hosp,quantile,0.2,225.64477368065658
48,2026-02-14,0,2026-02-14,wk inc flu hosp,quantile,0.2,1017.5782520264344
49,2026-02-14,0,2026-02-14,wk inc flu hosp,quantile,0.2,68.6370584887713
50,2026-02-14,0,2026-02-14,wk inc flu hosp,quantile,0.2,18.24878453522036
51,2026-02-14,0,2026-02-14,wk inc flu hosp,quantile,0.2,178.33673172163645
53,2026-02-14,0,2026-02-14,wk inc flu hosp,quantile,0.2,304.0701247556637
54,2026-02-14,0,2026-02-14,wk inc flu hosp,quantile,0.2,104.90917638527856
55,2026-02-14,0,2026-02-14,wk inc flu hosp,quantile,0.2,186.191154681736
56,2026-02-14,0,2026-02-14,wk inc flu hosp,quantile,0.2,11.992066608472799
72,2026-02-14,0,2026-02-14,wk inc flu hosp,quantile,0.2,115.59464050545978
01,2026-02-14,1,2026-02-21,wk inc flu hosp,quantile,0.2,224.68768409173862
02,2026-02-14,1,2026-02-21,wk inc flu hosp,quantile,0.2,4.494197612520645
04,2026-02-14,1,2026-02-21,wk inc flu hosp,quantile,0.2,261.1140124523101
05,2026-02-14,1,2026-02-21,wk inc flu hosp,quantile,0.2,113.70835442622595
06,2026-02-14,1,2026-02-21,wk inc flu hosp,quantile,0.2,1297.6802876471643
08,2026-02-14,1,2026-02-21,wk inc flu hosp,quantile,0.2,73.09379856021118
09,2026-02-14,1,2026-02-21,wk inc flu hosp,quantile,0.2,23.459527364308986
10,2026-02-14,1,2026-02-21,wk inc flu hosp,quantile,0.2,20.50011067035128
11,2026-02-14,1,2026-02-21,wk inc flu hosp,quantile,0.2,1.4644401099550917
12,2026-02-14,1,2026-02-21,wk inc flu hosp,quantile,0.2,985.2116541869232
13,2026-02-14,1,2026-02-21,wk inc flu hosp,quantile,0.2,201.7924874060112
15,2026-02-14,1,2026-02-21,wk inc flu hosp,quantile,0.2,13.27607746254243
16,2026-02-14,1,2026-02-21,wk inc flu hosp,quantile,0.2,70.02216321302936
17,2026-02-14,1,2026-02-21,wk inc flu hosp,quantile,0.2,279.21682307017187
18,2026-02-14,1,2026-02-21,wk inc flu hosp,quantile,0.2,205.45409210432703
19,2026-02-14,1,2026-02-21,wk inc flu hosp,quantile,0.2,111.18353511838697
20,2026-02-14,1,2026-02-21,wk inc flu hosp,quantile,0.2,118.32760105914369
21,2026-02-14,1,2026-02-21,wk inc flu hosp,quantile,0.2,127.07451178022961
22,2026-02-14,1,2026-02-21,wk inc flu hosp,quantile,0.2,171.00980473596996
23,2026-02-14,1,2026-02-21,wk inc flu hosp,quantile,0.2,30.42997704049117
24,2026-02-14,1,2026-02-21,wk inc flu hosp,quantile,0.2,34.09231660377057
25,2026-02-14,1,2026-02-21,wk inc flu hosp,quantile,0.2,53.44818433328689
26,2026-02-14,1,2026-02-21,wk inc flu hosp,quantile,0.2,157.38953034911665
27,2026-02-14,1,2026-02-21,wk inc flu hosp,quantile,0.2,93.0596429078374
28,2026-02-14,1,2026-02-21,wk inc flu hosp,quantile,0.2,123.04168237395169
29,2026-02-14,1,2026-02-21,wk inc flu hosp,quantile,0.2,169.77200779502752
30,2026-02-14,1,2026-02-21,wk inc flu hosp,quantile,0.2,41.679962811533336
31,2026-02-14,1,2026-02-21,wk inc flu hosp,quantile,0.2,82.99195156606046
32,2026-02-14,1,2026-02-21,wk inc flu hosp,quantile,0.2,65.1484431647949
33,2026-02-14,1,2026-02-21,wk inc flu hosp,quantile,0.2,22.811158325258763
34,2026-02-14,1,2026-02-21,wk inc flu hosp,quantile,0.2,105.88005977618727
35,2026-02-14,1,2026-02-21,wk inc flu hosp,quantile,0.2,94.17935716137441
36,2026-02-14,1,2026-02-21,wk inc flu hosp,quantile,0.2,110.3153225811755
37,2026-02-14,1,2026-02-21,wk inc flu hosp,quantile,0.2,195.24295342238554
38,2026-02-14,1,2026-02-21,wk inc flu hosp,quantile,0.2,23.806032597389795
39,2026-02-14,1,2026-02-21,wk inc flu hosp,quantile,0.2,288.289174771286
40,2026-02-14,1,2026-02-21,wk inc flu hosp,quantile,0.2,108.92032902898718
41,2026-02-14,1,2026-02-21,wk inc flu hosp,quantile,0.2,287.8378330715258
42,2026-02-14,1,2026-02-21,wk inc flu hosp,quantile,0.2,409.0193223306511
44,2026-02-14,1,2026-02-21,wk inc flu hosp,quantile,0.2,9.955708734158327
45,2026-02-14,1,2026-02-21,wk inc flu hosp,quantile,0.2,104.75797816866692
46,2026-02-14,1,2026-02-21,wk inc flu hosp,quantile,0.2,30.601374951608282
47,2026-02-14,1,2026-02-21,wk inc flu hosp,quantile,0.2,189.9306285560068
48,2026-02-14,1,2026-02-21,wk inc flu hosp,quantile,0.2,892.4189816739162
49,2026-02-14,1,2026-02-21,wk inc flu hosp,quantile,0.2,57.25798760704898
50,2026-02-14,1,2026-02-21,wk inc flu hosp,quantile,0.2,14.41255836987958
51,2026-02-14,1,2026-02-21,wk inc flu hosp,quantile,0.2,140.27885604514313
53,2026-02-14,1,2026-02-21,wk inc flu hosp,quantile,0.2,272.0752244321208
54,2026-02-14,1,2026-02-21,wk inc flu hosp,quantile,0.2,82.97350631705216
55,2026-02-14,1,2026-02-21,wk inc flu hosp,quantile,0.2,145.21475140131338
56,2026-02-14,1,2026-02-21,wk inc flu hosp,quantile,0.2,10.388576587515201
72,2026-02-14,1,2026-02-21,wk inc flu hosp,quantile,0.2,101.70819703586629
01,2026-02-14,2,2026-02-28,wk inc flu hosp,quantile,0.2,191.69246578870118
02,2026-02-14,2,2026-02-28,wk inc flu hosp,quantile,0.2,3.4197237262678093
04,2026-02-14,2,2026-02-28,wk inc flu hosp,quantile,0.2,246.9745637428993
05,2026-02-14,2,2026-02-28,wk inc flu hosp,quantile,0.2,98.72192087279669
06,2026-02-14,2,2026-02-28,wk inc flu hosp,quantile,0.2,1068.9050421052118
08,2026-02-14,2,2026-02-28,wk inc flu hosp,quantile,0.2,58.87795387296167
09,2026-02-14,2,2026-02-28,wk inc flu hosp,quantile,0.2,16.90938918612338
10,2026-02-14,2,2026-02-28,wk inc flu hosp,quantile,0.2,13.780591958203297
11,2026-02-14,2,2026-02-28,wk inc flu hosp,quantile,0.2,0.7199922573290759
12,2026-02-14,2,2026-02-28,wk inc flu hosp,quantile,0.2,769.4405164359367
13,2026-02-14,2,2026-02-28,wk inc flu hosp,quantile,0.2,171.75119564756136
15,2026-02-14,2,2026-02-28,wk inc flu hosp,quantile,0.2,10.620756091461505
16,2026-02-14,2,2026-02-28,wk inc flu hosp,quantile,0.2,56.89589945561086
17,2026-02-14,2,2026-02-28,wk inc flu hosp,quantile,0.2,213.00302984472378
18,2026-02-14,2,2026-02-28,wk inc flu hosp,quantile,0.2,171.19472276662182
19,2026-02-14,2,2026-02-28,wk inc flu hosp,quantile,0.2,83.02781290887192
20,2026-02-14,2,2026-02-28,wk inc flu hosp,quantile,0.2,89.49269007989051
21,2026-02-14,2,2026-02-28,wk inc flu hosp,quantile,0.2,100.50848370476004
22,2026-02-14,2,2026-02-28,wk inc flu hosp,quantile,0.2,134.94509230958468
23,2026-02-14,2,2026-02-28,wk inc flu hosp,quantile,0.2,22.051434068727897
24,2026-02-14,2,2026-02-28,wk inc flu hosp,quantile,0.2,24.69763617587458
25,2026-02-14,2,2026-02-28,wk inc flu hosp,quantile,0.2,40.33596467138497
26,2026-02-14,2,2026-02-28,wk inc flu hosp,quantile,0.2,129.05586960266135
27,2026-02-14,2,2026-02-28,wk inc flu hosp,quantile,0.2,65.31300591667011
28,2026-02-14,2,2026-02-28,wk inc flu hosp,quantile,0.2,107.3034441530996
29,2026-02-14,2,2026-02-28,wk inc flu hosp,quantile,0.2,125.82360686394773
30,2026-02-14,2,2026-02-28,wk inc flu hosp,quantile,0.2,32.90217389163152
31,2026-02-14,2,2026-02-28,wk inc flu hosp,quantile,0.2,63.484462918058696
32,2026-02-14,2,2026-02-28,wk inc flu hosp,quantile,0.2,56.14115035034129
33,2026-02-14,2,2026-02-28,wk inc flu hosp,quantile,0.2,15.789309095455625
34,2026-02-14,2,2026-02-28,wk inc flu hosp,quantile,0.2,79.65702535903975
35,2026-02-14,2,2026-02-28,wk inc flu hosp,quantile,0.2,75.91559332274082
36,2026-02-14,2,2026-02-28,wk inc flu hosp,quantile,0.2,82.84433681690807
37,2026-02-14,2,2026-02-28,wk inc flu hosp,quantile,0.2,145.97511722846252
38,2026-02-14,2,2026-02-28,wk inc flu hosp,quantile,0.2,17.066116455411873
39,2026-02-14,2,2026-02-28,wk inc flu hosp,quantile,0.2,217.34191265817478
40,2026-02-14,2,2026-02-28,wk inc flu hosp,quantile,0.2,93.10734051685833
41,2026-02-14,2,2026-02-28,wk inc flu hosp,quantile,0.2,238.76281438491847
42,2026-02-14,2,2026-02-28,wk inc flu hosp,quantile,0.2,301.85231300974516
44,2026-02-14,2,2026-02-28,wk inc flu hosp,quantile,0.2,6.389956266808425
45,2026-02-14,2,2026-02-28,wk inc flu hosp,quantile,0.2,82.61235797688583
46,2026-02-14,2,2026-02-28,wk inc flu hosp,quantile,0.2,23.204645039368387
47,2026-02-14,2,2026-02-28,wk inc flu hosp,quantile,0.2,157.1385144287505
48,2026-02-14,2,2026-02-28,wk inc flu hosp,quantile,0.2,780.0799661793944
49,2026-02-14,2,2026-02-28,wk inc flu hosp,quantile,0.2,45.410761309641785
50,2026-02-14,2,2026-02-28,wk inc flu hosp,quantile,0.2,10.91652162650402
51,2026-02-14,2,2026-02-28,wk inc flu hosp,quantile,0.2,107.90212385910738
53,2026-02-14,2,2026-02-28,wk inc flu hosp,quantile,0.2,233.6949737391754
54,2026-02-14,2,2026-02-28,wk inc flu hosp,quantile,0.2,63.61511281793335
55,2026-02-14,2,2026-02-28,wk inc flu hosp,quantile,0.2,105.82384744682267
56,2026-02-14,2,2026-02-28,wk inc flu hosp,quantile,0.2,8.768496849828994
72,2026-02-14,2,2026-02-28,wk inc flu hosp,quantile,0.2,89.81876367222227
01,2026-02-14,3,2026-03-07,wk inc flu hosp,quantile,0.2,157.6216816453665
02,2026-02-14,3,2026-03-07,wk inc flu hosp,quantile,0.2,2.7489421576534405
04,2026-02-14,3,2026-03-07,wk inc flu hosp,quantile,0.2,228.41775257271425
05,2026-02-14,3,2026-03-07,wk inc flu hosp,quantile,0.2,82.48046611322154
06,2026-02-14,3,2026-03-07,wk inc flu hosp,quantile,0.2,880.342448831166
08,2026-02-14,3,2026-03-07,wk inc flu hosp,quantile,0.2,48.59764508007679
09,2026-02-14,3,2026-03-07,wk inc flu hosp,quantile,0.2,12.521607228218096
10,2026-02-14,3,2026-03-07,wk inc flu hosp,quantile,0.2,10.234349495573268
11,2026-02-14,3,2026-03-07,wk inc flu hosp,quantile,0.2,0.32282324661086126
12,2026-02-14,3,2026-03-07,wk inc flu hosp,quantile,0.2,625.667975718787
13,2026-02-14,3,2026-03-07,wk inc flu hosp,quantile,0.2,141.50260579546665
15,2026-02-14,3,2026-03-07,wk inc flu hosp,quantile,0.2,8.913642300173125
16,2026-02-14,3,2026-03-07,wk inc flu hosp,quantile,0.2,46.784161769814986
17,2026-02-14,3,2026-03-07,wk inc flu hosp,quantile,0.2,167.97012172625406
18,2026-02-14,3,2026-03-07,wk inc flu hosp,quantile,0.2,140.39771505717
19,2026-02-14,3,2026-03-07,wk inc flu hosp,quantile,0.2,63.41813696372419
20,2026-02-14,3,2026-03-07,wk inc flu hosp,quantile,0.2,70.211360693861
21,2026-02-14,3,2026-03-07,wk inc flu hosp,quantile,0.2,81.64240968881903
22,2026-02-14,3,2026-03-07,wk inc flu hosp,quantile,0.2,109.92488898610296
23,2026-02-14,3,2026-03-07,wk inc flu hosp,quantile,0.2,17.34650236726485
24,2026-02-14,3,2026-03-07,wk inc flu hosp,quantile,0.2,19.44194373818872
25,2026-02-14,3,2026-03-07,wk inc flu hosp,quantile,0.2,31.21151993284984
26,2026-02-14,3,2026-03-07,wk inc flu hosp,quantile,0.2,104.57400678844331
27,2026-02-14,3,2026-03-07,wk inc flu hosp,quantile,0.2,51.02491218369544
28,2026-02-14,3,2026-03-07,wk inc flu hosp,quantile,0.2,94.21091665682664
29,2026-02-14,3,2026-03-07,wk inc flu hosp,quantile,0.2,97.67899013341993
30,2026-02-14,3,2026-03-07,wk inc flu hosp,quantile,0.2,26.31838628262559
31,2026-02-14,3,2026-03-07,wk inc flu hosp,quantile,0.2,50.65235192586243
32,2026-02-14,3,2026-03-07,wk inc flu hosp,quantile,0.2,47.91409673601596
33,2026-02-14,3,2026-03-07,wk inc flu hosp,quantile,0.2,12.127783368809355
34,2026-02-14,3,2026-03-07,wk inc flu hosp,quantile,0.2,63.24943552722045
35,2026-02-14,3,2026-03-07,wk inc flu hosp,quantile,0.2,62.82246699320623
36,2026-02-14,3,2026-03-07,wk inc flu hosp,quantile,0.2,60.77492898404657
37,2026-02-14,3,2026-03-07,wk inc flu hosp,quantile,0.2,115.04126466900692
38,2026-02-14,3,2026-03-07,wk inc flu hosp,quantile,0.2,13.654010672851738
39,2026-02-14,3,2026-03-07,wk inc flu hosp,quantile,0.2,175.915423116155
40,2026-02-14,3,2026-03-07,wk inc flu hosp,quantile,0.2,78.65543605950502
41,2026-02-14,3,2026-03-07,wk inc flu hosp,quantile,0.2,191.20892141528319
42,2026-02-14,3,2026-03-07,wk inc flu hosp,quantile,0.2,238.24725750770577
44,2026-02-14,3,2026-03-07,wk inc flu hosp,quantile,0.2,4.748757688647384
45,2026-02-14,3,2026-03-07,wk inc flu hosp,quantile,0.2,68.54540735399499
46,2026-02-14,3,2026-03-07,wk inc flu hosp,quantile,0.2,18.707629577442663
47,2026-02-14,3,2026-03-07,wk inc flu hosp,quantile,0.2,130.24222290979318
48,2026-02-14,3,2026-03-07,wk inc flu hosp,quantile,0.2,666.4073384418015
49,2026-02-14,3,2026-03-07,wk inc flu hosp,quantile,0.2,37.19773181191971
50,2026-02-14,3,2026-03-07,wk inc flu hosp,quantile,0.2,8.738475921638605
51,2026-02-14,3,2026-03-07,wk inc flu hosp,quantile,0.2,85.95867579168001
53,2026-02-14,3,2026-03-07,wk inc flu hosp,quantile,0.2,187.6158891712576
54,2026-02-14,3,2026-03-07,wk inc flu hosp,quantile,0.2,49.574913903282734
55,2026-02-14,3,2026-03-07,wk inc flu hosp,quantile,0.2,83.27677295822822
56,2026-02-14,3,2026-03-07,wk inc flu hosp,quantile,0.2,7.8074787642460945
72,2026-02-14,3,2026-03-07,wk inc flu hosp,quantile,0.2,77.97626493105261
01,2026-02-14,0,2026-02-14,wk inc flu hosp,quantile,0.25,274.4176892255123
02,2026-02-14,0,2026-02-14,wk inc flu hosp,quantile,0.25,6.512565202783536
04,2026-02-14,0,2026-02-14,wk inc flu hosp,quantile,0.25,278.4055105623361
05,2026-02-14,0,2026-02-14,wk inc flu hosp,quantile,0.25,135.22371501307074
06,2026-02-14,0,2026-02-14,wk inc flu hosp,quantile,0.25,1560.7857497109262
08,2026-02-14,0,2026-02-14,wk inc flu hosp,quantile,0.25,90.31216073991331
09,2026-02-14,0,2026-02-14,wk inc flu hosp,quantile,0.25,34.989513542634846
10,2026-02-14,0,2026-02-14,wk inc flu hosp,quantile,0.25,28.83835436983328
11,2026-02-14,0,2026-02-14,wk inc flu hosp,quantile,0.25,2.912625352604416
12,2026-02-14,0,2026-02-14,wk inc flu hosp,quantile,0.25,1215.0170641880513
13,2026-02-14,0,2026-02-14,wk inc flu hosp,quantile,0.25,257.62566921567173
15,2026-02-14,0,2026-02-14,wk inc flu hosp,quantile,0.25,16.852361851539353
16,2026-02-14,0,2026-02-14,wk inc flu hosp,quantile,0.25,86.45056489935381
17,2026-02-14,0,2026-02-14,wk inc flu hosp,quantile,0.25,358.91754465402926
18,2026-02-14,0,2026-02-14,wk inc flu hosp,quantile,0.25,251.3185132423448
19,2026-02-14,0,2026-02-14,wk inc flu hosp,quantile,0.25,143.4135316188119
20,2026-02-14,0,2026-02-14,wk inc flu hosp,quantile,0.25,149.48526187392588
21,2026-02-14,0,2026-02-14,wk inc flu hosp,quantile,0.25,163.3246474314142
22,2026-02-14,0,2026-02-14,wk inc flu hosp,quantile,0.25,214.78115648605095
23,2026-02-14,0,2026-02-14,wk inc flu hosp,quantile,0.25,40.32574047106236
24,2026-02-14,0,2026-02-14,wk inc flu hosp,quantile,0.25,46.91987720006376
25,2026-02-14,0,2026-02-14,wk inc flu hosp,quantile,0.25,72.93450660849689
26,2026-02-14,0,2026-02-14,wk inc flu hosp,quantile,0.25,199.1558986990095
27,2026-02-14,0,2026-02-14,wk inc flu hosp,quantile,0.25,125.35096137241467
28,2026-02-14,0,2026-02-14,wk inc flu hosp,quantile,0.25,142.3393087603116
29,2026-02-14,0,2026-02-14,wk inc flu hosp,quantile,0.25,221.76367405975446
30,2026-02-14,0,2026-02-14,wk inc flu hosp,quantile,0.25,50.94595092388804
31,2026-02-14,0,2026-02-14,wk inc flu hosp,quantile,0.25,103.03617064171661
32,2026-02-14,0,2026-02-14,wk inc flu hosp,quantile,0.25,74.47442554865314
33,2026-02-14,0,2026-02-14,wk inc flu hosp,quantile,0.25,31.869044235939263
34,2026-02-14,0,2026-02-14,wk inc flu hosp,quantile,0.25,140.93040067545382
35,2026-02-14,0,2026-02-14,wk inc flu hosp,quantile,0.25,118.44002367286166
36,2026-02-14,0,2026-02-14,wk inc flu hosp,quantile,0.25,151.17281301807228
37,2026-02-14,0,2026-02-14,wk inc flu hosp,quantile,0.25,262.01456785081876
38,2026-02-14,0,2026-02-14,wk inc flu hosp,quantile,0.25,31.429354653451707
39,2026-02-14,0,2026-02-14,wk inc flu hosp,quantile,0.25,371.6146900494311
40,2026-02-14,0,2026-02-14,wk inc flu hosp,quantile,0.25,131.82946108669682
41,2026-02-14,0,2026-02-14,wk inc flu hosp,quantile,0.25,345.5808957566298
42,2026-02-14,0,2026-02-14,wk inc flu hosp,quantile,0.25,526.8097108671129
44,2026-02-14,0,2026-02-14,wk inc flu hosp,quantile,0.25,14.666961497392046
45,2026-02-14,0,2026-02-14,wk inc flu hosp,quantile,0.25,135.96877441197392
46,2026-02-14,0,2026-02-14,wk inc flu hosp,quantile,0.25,39.50149566603034
47,2026-02-14,0,2026-02-14,wk inc flu hosp,quantile,0.25,230.41897500103065
48,2026-02-14,0,2026-02-14,wk inc flu hosp,quantile,0.25,1047.7662372560442
49,2026-02-14,0,2026-02-14,wk inc flu hosp,quantile,0.25,72.08440849236344
50,2026-02-14,0,2026-02-14,wk inc flu hosp,quantile,0.25,18.679835279778846
51,2026-02-14,0,2026-02-14,wk inc flu hosp,quantile,0.25,182.51839289442938
53,2026-02-14,0,2026-02-14,wk inc flu hosp,quantile,0.25,322.38548926988665
54,2026-02-14,0,2026-02-14,wk inc flu hosp,quantile,0.25,106.91716088169713
55,2026-02-14,0,2026-02-14,wk inc flu hosp,quantile,0.25,191.7287235902933
56,2026-02-14,0,2026-02-14,wk inc flu hosp,quantile,0.25,13.077665259275737
72,2026-02-14,0,2026-02-14,wk inc flu hosp,quantile,0.25,120.51633699165743
01,2026-02-14,1,2026-02-21,wk inc flu hosp,quantile,0.25,232.02380387806878
02,2026-02-14,1,2026-02-21,wk inc flu hosp,quantile,0.25,5.346029949067051
04,2026-02-14,1,2026-02-21,wk inc flu hosp,quantile,0.25,267.1323527000296
05,2026-02-14,1,2026-02-21,wk inc flu hosp,quantile,0.25,120.04298419338126
06,2026-02-14,1,2026-02-21,wk inc flu hosp,quantile,0.25,1383.3174362037128
08,2026-02-14,1,2026-02-21,wk inc flu hosp,quantile,0.25,77.74405421140163
09,2026-02-14,1,2026-02-21,wk inc flu hosp,quantile,0.25,25.32448636503911
10,2026-02-14,1,2026-02-21,wk inc flu hosp,quantile,0.25,21.33748830094469
11,2026-02-14,1,2026-02-21,wk inc flu hosp,quantile,0.25,1.8651810113924139
12,2026-02-14,1,2026-02-21,wk inc flu hosp,quantile,0.25,1003.0924865593079
13,2026-02-14,1,2026-02-21,wk inc flu hosp,quantile,0.25,216.11245299866556
15,2026-02-14,1,2026-02-21,wk inc flu hosp,quantile,0.25,14.577371691059682
16,2026-02-14,1,2026-02-21,wk inc flu hosp,quantile,0.25,76.31997040655867
17,2026-02-14,1,2026-02-21,wk inc flu hosp,quantile,0.25,284.8865987795001
18,2026-02-14,1,2026-02-21,wk inc flu hosp,quantile,0.25,212.6386491228988
19,2026-02-14,1,2026-02-21,wk inc flu hosp,quantile,0.25,114.25186551333647
20,2026-02-14,1,2026-02-21,wk inc flu hosp,quantile,0.25,121.6857051228497
21,2026-02-14,1,2026-02-21,wk inc flu hosp,quantile,0.25,132.2493825127167
22,2026-02-14,1,2026-02-21,wk inc flu hosp,quantile,0.25,177.06576740493816
23,2026-02-14,1,2026-02-21,wk inc flu hosp,quantile,0.25,31.726808802675592
24,2026-02-14,1,2026-02-21,wk inc flu hosp,quantile,0.25,35.08185795914775
25,2026-02-14,1,2026-02-21,wk inc flu hosp,quantile,0.25,55.692621385025426
26,2026-02-14,1,2026-02-21,wk inc flu hosp,quantile,0.25,162.98492792357294
27,2026-02-14,1,2026-02-21,wk inc flu hosp,quantile,0.25,95.58996280648155
28,2026-02-14,1,2026-02-21,wk inc flu hosp,quantile,0.25,128.54563062658963
29,2026-02-14,1,2026-02-21,wk inc flu hosp,quantile,0.25,177.70470262538564
30,2026-02-14,1,2026-02-21,wk inc flu hosp,quantile,0.25,44.3924864681007
31,2026-02-14,1,2026-02-21,wk inc flu hosp,quantile,0.25,85.03591852539533
32,2026-02-14,1,2026-02-21,wk inc flu hosp,quantile,0.25,67.710243564453
33,2026-02-14,1,2026-02-21,wk inc flu hosp,quantile,0.25,24.370814174195225
34,2026-02-14,1,2026-02-21,wk inc flu hosp,quantile,0.25,109.92141522471547
35,2026-02-14,1,2026-02-21,wk inc flu hosp,quantile,0.25,98.85615306577783
36,2026-02-14,1,2026-02-21,wk inc flu hosp,quantile,0.25,116.34176043870046
37,2026-02-14,1,2026-02-21,wk inc flu hosp,quantile,0.25,205.6309496300295
38,2026-02-14,1,2026-02-21,wk inc flu hosp,quantile,0.25,24.81185990098093
39,2026-02-14,1,2026-02-21,wk inc flu hosp,quantile,0.25,296.12763128938127
40,2026-02-14,1,2026-02-21,wk inc flu hosp,quantile,0.25,119.52879506425055
41,2026-02-14,1,2026-02-21,wk inc flu hosp,quantile,0.25,304.04717302802396
42,2026-02-14,1,2026-02-21,wk inc flu hosp,quantile,0.25,414.68217044409147
44,2026-02-14,1,2026-02-21,wk inc flu hosp,quantile,0.25,10.444394860731213
45,2026-02-14,1,2026-02-21,wk inc flu hosp,quantile,0.25,109.78716206204375
46,2026-02-14,1,2026-02-21,wk inc flu hosp,quantile,0.25,31.928675397616686
47,2026-02-14,1,2026-02-21,wk inc flu hosp,quantile,0.25,196.23570959221908
48,2026-02-14,1,2026-02-21,wk inc flu hosp,quantile,0.25,923.5654052997761
49,2026-02-14,1,2026-02-21,wk inc flu hosp,quantile,0.25,61.209740767368864
50,2026-02-14,1,2026-02-21,wk inc flu hosp,quantile,0.25,15.053506447188775
51,2026-02-14,1,2026-02-21,wk inc flu hosp,quantile,0.25,144.60206090993262
53,2026-02-14,1,2026-02-21,wk inc flu hosp,quantile,0.25,293.42118406412993
54,2026-02-14,1,2026-02-21,wk inc flu hosp,quantile,0.25,86.93890947267538
55,2026-02-14,1,2026-02-21,wk inc flu hosp,quantile,0.25,149.56344837921216
56,2026-02-14,1,2026-02-21,wk inc flu hosp,quantile,0.25,11.389642555904326
72,2026-02-14,1,2026-02-21,wk inc flu hosp,quantile,0.25,108.4528291409049
01,2026-02-14,2,2026-02-28,wk inc flu hosp,quantile,0.25,195.80383686483978
02,2026-02-14,2,2026-02-28,wk inc flu hosp,quantile,0.25,4.064438038746981
04,2026-02-14,2,2026-02-28,wk inc flu hosp,quantile,0.25,252.3772038927046
05,2026-02-14,2,2026-02-28,wk inc flu hosp,quantile,0.25,103.4135680538765
06,2026-02-14,2,2026-02-28,wk inc flu hosp,quantile,0.25,1126.084959488098
08,2026-02-14,2,2026-02-28,wk inc flu hosp,quantile,0.25,63.66167417835025
09,2026-02-14,2,2026-02-28,wk inc flu hosp,quantile,0.25,17.867050964697484
10,2026-02-14,2,2026-02-28,wk inc flu hosp,quantile,0.25,14.770243183788228
11,2026-02-14,2,2026-02-28,wk inc flu hosp,quantile,0.25,1.095480193154285
12,2026-02-14,2,2026-02-28,wk inc flu hosp,quantile,0.25,782.1592773853324
13,2026-02-14,2,2026-02-28,wk inc flu hosp,quantile,0.25,181.16700348434108
15,2026-02-14,2,2026-02-28,wk inc flu hosp,quantile,0.25,11.909252679740218
16,2026-02-14,2,2026-02-28,wk inc flu hosp,quantile,0.25,61.469852884455335
17,2026-02-14,2,2026-02-28,wk inc flu hosp,quantile,0.25,220.3676186403732
18,2026-02-14,2,2026-02-28,wk inc flu hosp,quantile,0.25,176.38980427234947
19,2026-02-14,2,2026-02-28,wk inc flu hosp,quantile,0.25,84.26422490238022
20,2026-02-14,2,2026-02-28,wk inc flu hosp,quantile,0.25,91.22751956973359
21,2026-02-14,2,2026-02-28,wk inc flu hosp,quantile,0.25,104.90382596898627
22,2026-02-14,2,2026-02-28,wk inc flu hosp,quantile,0.25,137.4886086013815
23,2026-02-14,2,2026-02-28,wk inc flu hosp,quantile,0.25,23.501901308861996
24,2026-02-14,2,2026-02-28,wk inc flu hosp,quantile,0.25,26.740193346039884
25,2026-02-14,2,2026-02-28,wk inc flu hosp,quantile,0.25,43.30428538706916
26,2026-02-14,2,2026-02-28,wk inc flu hosp,quantile,0.25,133.52656885695933
27,2026-02-14,2,2026-02-28,wk inc flu hosp,quantile,0.25,70.34977615147689
28,2026-02-14,2,2026-02-28,wk inc flu hosp,quantile,0.25,113.5078636918903
29,2026-02-14,2,2026-02-28,wk inc flu hosp,quantile,0.25,132.72274074629695
30,2026-02-14,2,2026-02-28,wk inc flu hosp,quantile,0.25,34.326282824563926
31,2026-02-14,2,2026-02-28,wk inc flu hosp,quantile,0.25,66.25780569063546
32,2026-02-14,2,2026-02-28,wk inc flu hosp,quantile,0.25,58.435329378859784
33,2026-02-14,2,2026-02-28,wk inc flu hosp,quantile,0.25,17.30308689040351
34,2026-02-14,2,2026-02-28,wk inc flu hosp,quantile,0.25,81.2713334744285
35,2026-02-14,2,2026-02-28,wk inc flu hosp,quantile,0.25,78.22900093671277
36,2026-02-14,2,2026-02-28,wk inc flu hosp,quantile,0.25,85.27104627324674
37,2026-02-14,2,2026-02-28,wk inc flu hosp,quantile,0.25,157.8223370520216
38,2026-02-14,2,2026-02-28,wk inc flu hosp,quantile,0.25,18.13491349434182
39,2026-02-14,2,2026-02-28,wk inc flu hosp,quantile,0.25,222.8190459550607
40,2026-02-14,2,2026-02-28,wk inc flu hosp,quantile,0.25,104.89475746587527
41,2026-02-14,2,2026-02-28,wk inc flu hosp,quantile,0.25,249.10928704522695
42,2026-02-14,2,2026-02-28,wk inc flu hosp,quantile,0.25,313.5827010748862
44,2026-02-14,2,2026-02-28,wk inc flu hosp,quantile,0.25,7.127087047849611
45,2026-02-14,2,2026-02-28,wk inc flu hosp,quantile,0.25,87.16625115372648
46,2026-02-14,2,2026-02-28,wk inc flu hosp,quantile,0.25,24.547520235110973
47,2026-02-14,2,2026-02-28,wk inc flu hosp,quantile,0.25,161.9550337096801
48,2026-02-14,2,2026-02-28,wk inc flu hosp,quantile,0.25,797.2024734674391
49,2026-02-14,2,2026-02-28,wk inc flu hosp,quantile,0.25,47.63286180363993
50,2026-02-14,2,2026-02-28,wk inc flu hosp,quantile,0.25,11.691638877584214
51,2026-02-14,2,2026-02-28,wk inc flu hosp,quantile,0.25,109.9094927622518
53,2026-02-14,2,2026-02-28,wk inc flu hosp,quantile,0.25,247.21035670871478
54,2026-02-14,2,2026-02-28,wk inc flu hosp,quantile,0.25,66.0892317356081
55,2026-02-14,2,2026-02-28,wk inc flu hosp,quantile,0.25,113.20281860714637
56,2026-02-14,2,2026-02-28,wk inc flu hosp,quantile,0.25,9.799002399987796
72,2026-02-14,2,2026-02-28,wk inc flu hosp,quantile,0.25,95.28299329656733
01,2026-02-14,3,2026-03-07,wk inc flu hosp,quantile,0.25,163.15981580612691
02,2026-02-14,3,2026-03-07,wk inc flu hosp,quantile,0.25,3.3497182663754397
04,2026-02-14,3,2026-03-07,wk inc flu hosp,quantile,0.25,233.71599695082222
05,2026-02-14,3,2026-03-07,wk inc flu hosp,quantile,0.25,88.22476942461654
06,2026-02-14,3,2026-03-07,wk inc flu hosp,quantile,0.25,921.3467349428562
08,2026-02-14,3,2026-03-07,wk inc flu hosp,quantile,0.25,52.34602329584671
09,2026-02-14,3,2026-03-07,wk inc flu hosp,quantile,0.25,14.020408001976243
10,2026-02-14,3,2026-03-07,wk inc flu hosp,quantile,0.25,10.894168383230735
11,2026-02-14,3,2026-03-07,wk inc flu hosp,quantile,0.25,0.5242873734489331
12,2026-02-14,3,2026-03-07,wk inc flu hosp,quantile,0.25,638.2411833327011
13,2026-02-14,3,2026-03-07,wk inc flu hosp,quantile,0.25,152.24576936433778
15,2026-02-14,3,2026-03-07,wk inc flu hosp,quantile,0.25,10.218233959080017
16,2026-02-14,3,2026-03-07,wk inc flu hosp,quantile,0.25,50.779529685190695
17,2026-02-14,3,2026-03-07,wk inc flu hosp,quantile,0.25,173.88102506707244
18,2026-02-14,3,2026-03-07,wk inc flu hosp,quantile,0.25,148.11876449009344
19,2026-02-14,3,2026-03-07,wk inc flu hosp,quantile,0.25,65.39073264158037
20,2026-02-14,3,2026-03-07,wk inc flu hosp,quantile,0.25,73.60309074691095
21,2026-02-14,3,2026-03-07,wk inc flu hosp,quantile,0.25,84.80730932988997
22,2026-02-14,3,2026-03-07,wk inc flu hosp,quantile,0.25,112.70365120041339
23,2026-02-14,3,2026-03-07,wk inc flu hosp,quantile,0.25,18.19155491184684
24,2026-02-14,3,2026-03-07,wk inc flu hosp,quantile,0.25,21.700964459875454
25,2026-02-14,3,2026-03-07,wk inc flu hosp,quantile,0.25,34.82729937909131
26,2026-02-14,3,2026-03-07,wk inc flu hosp,quantile,0.25,112.3596201193105
27,2026-02-14,3,2026-03-07,wk inc flu hosp,quantile,0.25,54.39573970075086
28,2026-02-14,3,2026-03-07,wk inc flu hosp,quantile,0.25,102.78461073018622
29,2026-02-14,3,2026-03-07,wk inc flu hosp,quantile,0.25,105.87043119921665
30,2026-02-14,3,2026-03-07,wk inc flu hosp,quantile,0.25,27.47867446885779
31,2026-02-14,3,2026-03-07,wk inc flu hosp,quantile,0.25,52.66737542415637
32,2026-02-14,3,2026-03-07,wk inc flu hosp,quantile,0.25,48.75119639581639
33,2026-02-14,3,2026-03-07,wk inc flu hosp,quantile,0.25,13.3108660635516
34,2026-02-14,3,2026-03-07,wk inc flu hosp,quantile,0.25,66.49420141415582
35,2026-02-14,3,2026-03-07,wk inc flu hosp,quantile,0.25,65.07955140600822
36,2026-02-14,3,2026-03-07,wk inc flu hosp,quantile,0.25,68.56982256432558
37,2026-02-14,3,2026-03-07,wk inc flu hosp,quantile,0.25,125.25376341313604
38,2026-02-14,3,2026-03-07,wk inc flu hosp,quantile,0.25,14.093925595531653
39,2026-02-14,3,2026-03-07,wk inc flu hosp,quantile,0.25,178.23683385204893
40,2026-02-14,3,2026-03-07,wk inc flu hosp,quantile,0.25,89.68965601972066
41,2026-02-14,3,2026-03-07,wk inc flu hosp,quantile,0.25,199.17537507512256
42,2026-02-14,3,2026-03-07,wk inc flu hosp,quantile,0.25,250.87357622327252
44,2026-02-14,3,2026-03-07,wk inc flu hosp,quantile,0.25,5.380849389266149
45,2026-02-14,3,2026-03-07,wk inc flu hosp,quantile,0.25,71.64771899830221
46,2026-02-14,3,2026-03-07,wk inc flu hosp,quantile,0.25,19.564813136638634
47,2026-02-14,3,2026-03-07,wk inc flu hosp,quantile,0.25,137.28468242205003
48,2026-02-14,3,2026-03-07,wk inc flu hosp,quantile,0.25,687.7761450115294
49,2026-02-14,3,2026-03-07,wk inc flu hosp,quantile,0.25,38.331068217267344
50,2026-02-14,3,2026-03-07,wk inc flu hosp,quantile,0.25,9.35484858417602
51,2026-02-14,3,2026-03-07,wk inc flu hosp,quantile,0.25,89.9652324980066
53,2026-02-14,3,2026-03-07,wk inc flu hosp,quantile,0.25,203.62966953009084
54,2026-02-14,3,2026-03-07,wk inc flu hosp,quantile,0.25,51.718686806244676
55,2026-02-14,3,2026-03-07,wk inc flu hosp,quantile,0.25,85.97596799385049
56,2026-02-14,3,2026-03-07,wk inc flu hosp,quantile,0.25,8.706192746327488
72,2026-02-14,3,2026-03-07,wk inc flu hosp,quantile,0.25,84.64401107691083
01,2026-02-14,0,2026-02-14,wk inc flu hosp,quantile,0.3,280.76457013088
02,2026-02-14,0,2026-02-14,wk inc flu hosp,quantile,0.3,7.181594425208471
04,2026-02-14,0,2026-02-14,wk inc flu hosp,quantile,0.3,283.8382573583252
05,2026-02-14,0,2026-02-14,wk inc flu hosp,quantile,0.3,138.4198800633505
06,2026-02-14,0,2026-02-14,wk inc flu hosp,quantile,0.3,1610.28162546952
08,2026-02-14,0,2026-02-14,wk inc flu hosp,quantile,0.3,95.63201898379566
09,2026-02-14,0,2026-02-14,wk inc flu hosp,quantile,0.3,35.903691505546206
10,2026-02-14,0,2026-02-14,wk inc flu hosp,quantile,0.3,29.984564181716582
11,2026-02-14,0,2026-02-14,wk inc flu hosp,quantile,0.3,3.1709451181208452
12,2026-02-14,0,2026-02-14,wk inc flu hosp,quantile,0.3,1250.8432535562165
13,2026-02-14,0,2026-02-14,wk inc flu hosp,quantile,0.3,267.6887026077241
15,2026-02-14,0,2026-02-14,wk inc flu hosp,quantile,0.3,18.02447790879006
16,2026-02-14,0,2026-02-14,wk inc flu hosp,quantile,0.3,91.35741411898145
17,2026-02-14,0,2026-02-14,wk inc flu hosp,quantile,0.3,372.07877663122093
18,2026-02-14,0,2026-02-14,wk inc flu hosp,quantile,0.3,254.8010225844555
19,2026-02-14,0,2026-02-14,wk inc flu hosp,quantile,0.3,147.15220481842968
20,2026-02-14,0,2026-02-14,wk inc flu hosp,quantile,0.3,153.9589766067167
21,2026-02-14,0,2026-02-14,wk inc flu hosp,quantile,0.3,168.24487753722687
22,2026-02-14,0,2026-02-14,wk inc flu hosp,quantile,0.3,220.05291237307583
23,2026-02-14,0,2026-02-14,wk inc flu hosp,quantile,0.3,41.83300570884598
24,2026-02-14,0,2026-02-14,wk inc flu hosp,quantile,0.3,49.28622621773203
25,2026-02-14,0,2026-02-14,wk inc flu hosp,quantile,0.3,77.40590987673039
26,2026-02-14,0,2026-02-14,wk inc flu hosp,quantile,0.3,205.56363568863623
27,2026-02-14,0,2026-02-14,wk inc flu hosp,quantile,0.3,131.69387210293476
28,2026-02-14,0,2026-02-14,wk inc flu hosp,quantile,0.3,147.43559833625676
29,2026-02-14,0,2026-02-14,wk inc flu hosp,quantile,0.3,226.70601000755465
30,2026-02-14,0,2026-02-14,wk inc flu hosp,quantile,0.3,54.0744439692537
31,2026-02-14,0,2026-02-14,wk inc flu hosp,quantile,0.3,107.56523003541584
32,2026-02-14,0,2026-02-14,wk inc flu hosp,quantile,0.3,78.86400193523984
33,2026-02-14,0,2026-02-14,wk inc flu hosp,quantile,0.3,33.23891309751704
34,2026-02-14,0,2026-02-14,wk inc flu hosp,quantile,0.3,144.345634308313
35,2026-02-14,0,2026-02-14,wk inc flu hosp,quantile,0.3,122.00016384217906
36,2026-02-14,0,2026-02-14,wk inc flu hosp,quantile,0.3,156.59135015391863
37,2026-02-14,0,2026-02-14,wk inc flu hosp,quantile,0.3,268.8146548749272
38,2026-02-14,0,2026-02-14,wk inc flu hosp,quantile,0.3,32.469828765778644
39,2026-02-14,0,2026-02-14,wk inc flu hosp,quantile,0.3,378.1418468609578
40,2026-02-14,0,2026-02-14,wk inc flu hosp,quantile,0.3,137.66844667768726
41,2026-02-14,0,2026-02-14,wk inc flu hosp,quantile,0.3,360.32062013222657
42,2026-02-14,0,2026-02-14,wk inc flu hosp,quantile,0.3,535.2712744733449
44,2026-02-14,0,2026-02-14,wk inc flu hosp,quantile,0.3,15.207552750371962
45,2026-02-14,0,2026-02-14,wk inc flu hosp,quantile,0.3,142.12933851466008
46,2026-02-14,0,2026-02-14,wk inc flu hosp,quantile,0.3,40.88356982367475
47,2026-02-14,0,2026-02-14,wk inc flu hosp,quantile,0.3,240.59882642247547
48,2026-02-14,0,2026-02-14,wk inc flu hosp,quantile,0.3,1083.1536539544861
49,2026-02-14,0,2026-02-14,wk inc flu hosp,quantile,0.3,75.02671090091123
50,2026-02-14,0,2026-02-14,wk inc flu hosp,quantile,0.3,19.39180334502696
51,2026-02-14,0,2026-02-14,wk inc flu hosp,quantile,0.3,184.7090729112586
53,2026-02-14,0,2026-02-14,wk inc flu hosp,quantile,0.3,334.3239670906756
54,2026-02-14,0,2026-02-14,wk inc flu hosp,quantile,0.3,109.39153834072494
55,2026-02-14,0,2026-02-14,wk inc flu hosp,quantile,0.3,195.57335086723674
56,2026-02-14,0,2026-02-14,wk inc flu hosp,quantile,0.3,13.917012626769091
72,2026-02-14,0,2026-02-14,wk inc flu hosp,quantile,0.3,126.58715847144535
01,2026-02-14,1,2026-02-21,wk inc flu hosp,quantile,0.3,238.97283864605106
02,2026-02-14,1,2026-02-21,wk inc flu hosp,quantile,0.3,6.007287577297771
04,2026-02-14,1,2026-02-21,wk inc flu hosp,quantile,0.3,277.2070203861342
05,2026-02-14,1,2026-02-21,wk inc flu hosp,quantile,0.3,124.50627434539432
06,2026-02-14,1,2026-02-21,wk inc flu hosp,quantile,0.3,1433.5848296777863
08,2026-02-14,1,2026-02-21,wk inc flu hosp,quantile,0.3,81.81022790786857
09,2026-02-14,1,2026-02-21,wk inc flu hosp,quantile,0.3,27.589987023900864
10,2026-02-14,1,2026-02-21,wk inc flu hosp,quantile,0.3,23.192920283048412
11,2026-02-14,1,2026-02-21,wk inc flu hosp,quantile,0.3,2.25570353475224
12,2026-02-14,1,2026-02-21,wk inc flu hosp,quantile,0.3,1019.46352698576
13,2026-02-14,1,2026-02-21,wk inc flu hosp,quantile,0.3,227.41685586430376
15,2026-02-14,1,2026-02-21,wk inc flu hosp,quantile,0.3,15.452331751437194
16,2026-02-14,1,2026-02-21,wk inc flu hosp,quantile,0.3,81.10975680345896
17,2026-02-14,1,2026-02-21,wk inc flu hosp,quantile,0.3,297.5558895395396
18,2026-02-14,1,2026-02-21,wk inc flu hosp,quantile,0.3,217.43545113177123
19,2026-02-14,1,2026-02-21,wk inc flu hosp,quantile,0.3,118.49411008528581
20,2026-02-14,1,2026-02-21,wk inc flu hosp,quantile,0.3,124.8070742144025
21,2026-02-14,1,2026-02-21,wk inc flu hosp,quantile,0.3,137.52660697313743
22,2026-02-14,1,2026-02-21,wk inc flu hosp,quantile,0.3,183.69226058206144
23,2026-02-14,1,2026-02-21,wk inc flu hosp,quantile,0.3,33.2665092823893
24,2026-02-14,1,2026-02-21,wk inc flu hosp,quantile,0.3,38.54666029159757
25,2026-02-14,1,2026-02-21,wk inc flu hosp,quantile,0.3,59.305576086642205
26,2026-02-14,1,2026-02-21,wk inc flu hosp,quantile,0.3,169.8296624248131
27,2026-02-14,1,2026-02-21,wk inc flu hosp,quantile,0.3,101.86833734983607
28,2026-02-14,1,2026-02-21,wk inc flu hosp,quantile,0.3,134.98492935906435
29,2026-02-14,1,2026-02-21,wk inc flu hosp,quantile,0.3,181.05889583918142
30,2026-02-14,1,2026-02-21,wk inc flu hosp,quantile,0.3,46.22339867868779
31,2026-02-14,1,2026-02-21,wk inc flu hosp,quantile,0.3,89.32448170836197
32,2026-02-14,1,2026-02-21,wk inc flu hosp,quantile,0.3,73.62229079338302
33,2026-02-14,1,2026-02-21,wk inc flu hosp,quantile,0.3,26.282295841427093
34,2026-02-14,1,2026-02-21,wk inc flu hosp,quantile,0.3,113.97937960502466
35,2026-02-14,1,2026-02-21,wk inc flu hosp,quantile,0.3,102.29005770752647
36,2026-02-14,1,2026-02-21,wk inc flu hosp,quantile,0.3,125.14607641120283
37,2026-02-14,1,2026-02-21,wk inc flu hosp,quantile,0.3,216.26135095967192
38,2026-02-14,1,2026-02-21,wk inc flu hosp,quantile,0.3,25.974613220472826
39,2026-02-14,1,2026-02-21,wk inc flu hosp,quantile,0.3,303.6595480358846
40,2026-02-14,1,2026-02-21,wk inc flu hosp,quantile,0.3,125.871542207805
41,2026-02-14,1,2026-02-21,wk inc flu hosp,quantile,0.3,312.6302949836938
42,2026-02-14,1,2026-02-21,wk inc flu hosp,quantile,0.3,426.62066917254486
44,2026-02-14,1,2026-02-21,wk inc flu hosp,quantile,0.3,11.431159394720423
45,2026-02-14,1,2026-02-21,wk inc flu hosp,quantile,0.3,118.04255237344454
46,2026-02-14,1,2026-02-21,wk inc flu hosp,quantile,0.3,33.28716466052286
47,2026-02-14,1,2026-02-21,wk inc flu hosp,quantile,0.3,206.3835750733536
48,2026-02-14,1,2026-02-21,wk inc flu hosp,quantile,0.3,942.6164477090655
49,2026-02-14,1,2026-02-21,wk inc flu hosp,quantile,0.3,63.876288397023714
50,2026-02-14,1,2026-02-21,wk inc flu hosp,quantile,0.3,15.805942401862897
51,2026-02-14,1,2026-02-21,wk inc flu hosp,quantile,0.3,151.04062447469374
53,2026-02-14,1,2026-02-21,wk inc flu hosp,quantile,0.3,305.27871891790465
54,2026-02-14,1,2026-02-21,wk inc flu hosp,quantile,0.3,89.82942208995823
55,2026-02-14,1,2026-02-21,wk inc flu hosp,quantile,0.3,156.8112376763406
56,2026-02-14,1,2026-02-21,wk inc flu hosp,quantile,0.3,12.471180207065979
72,2026-02-14,1,2026-02-21,wk inc flu hosp,quantile,0.3,112.73148982371158
01,2026-02-14,2,2026-02-28,wk inc flu hosp,quantile,0.3,200.13391300518785
02,2026-02-14,2,2026-02-28,wk inc flu hosp,quantile,0.3,4.65835657652815
04,2026-02-14,2,2026-02-28,wk inc flu hosp,quantile,0.3,261.4686528642638
05,2026-02-14,2,2026-02-28,wk inc flu hosp,quantile,0.3,104.61231204240597
06,2026-02-14,2,2026-02-28,wk inc flu hosp,quantile,0.3,1193.7557756059264
08,2026-02-14,2,2026-02-28,wk inc flu hosp,quantile,0.3,65.62005808291205
09,2026-02-14,2,2026-02-28,wk inc flu hosp,quantile,0.3,19.82265485721337
10,2026-02-14,2,2026-02-28,wk inc flu hosp,quantile,0.3,16.338871493256946
11,2026-02-14,2,2026-02-28,wk inc flu hosp,quantile,0.3,1.346947456882306
12,2026-02-14,2,2026-02-28,wk inc flu hosp,quantile,0.3,814.3735086740056
13,2026-02-14,2,2026-02-28,wk inc flu hosp,quantile,0.3,187.1906158083233
15,2026-02-14,2,2026-02-28,wk inc flu hosp,quantile,0.3,12.518360957846884
16,2026-02-14,2,2026-02-28,wk inc flu hosp,quantile,0.3,65.68447296044471
17,2026-02-14,2,2026-02-28,wk inc flu hosp,quantile,0.3,229.13471005834208
18,2026-02-14,2,2026-02-28,wk inc flu hosp,quantile,0.3,181.24009145745777
19,2026-02-14,2,2026-02-28,wk inc flu hosp,quantile,0.3,88.61995926194278
20,2026-02-14,2,2026-02-28,wk inc flu hosp,quantile,0.3,97.04619362676262
21,2026-02-14,2,2026-02-28,wk inc flu hosp,quantile,0.3,107.16464161072554
22,2026-02-14,2,2026-02-28,wk inc flu hosp,quantile,0.3,145.82624373556405
23,2026-02-14,2,2026-02-28,wk inc flu hosp,quantile,0.3,25.295452561355624
24,2026-02-14,2,2026-02-28,wk inc flu hosp,quantile,0.3,27.441713587481352
25,2026-02-14,2,2026-02-28,wk inc flu hosp,quantile,0.3,44.758288506924615
26,2026-02-14,2,2026-02-28,wk inc flu hosp,quantile,0.3,139.41331447158973
27,2026-02-14,2,2026-02-28,wk inc flu hosp,quantile,0.3,74.95425607768006
28,2026-02-14,2,2026-02-28,wk inc flu hosp,quantile,0.3,118.05744264752619
29,2026-02-14,2,2026-02-28,wk inc flu hosp,quantile,0.3,138.80455418012053
30,2026-02-14,2,2026-02-28,wk inc flu hosp,quantile,0.3,36.07308395315749
31,2026-02-14,2,2026-02-28,wk inc flu hosp,quantile,0.3,68.8059781808121
32,2026-02-14,2,2026-02-28,wk inc flu hosp,quantile,0.3,62.333901337970914
33,2026-02-14,2,2026-02-28,wk inc flu hosp,quantile,0.3,19.078292687539566
34,2026-02-14,2,2026-02-28,wk inc flu hosp,quantile,0.3,85.63475145638455
35,2026-02-14,2,2026-02-28,wk inc flu hosp,quantile,0.3,81.33715165776499
36,2026-02-14,2,2026-02-28,wk inc flu hosp,quantile,0.3,90.80144654733222
37,2026-02-14,2,2026-02-28,wk inc flu hosp,quantile,0.3,164.51171661418002
38,2026-02-14,2,2026-02-28,wk inc flu hosp,quantile,0.3,19.173486809471964
39,2026-02-14,2,2026-02-28,wk inc flu hosp,quantile,0.3,232.9050392420887
40,2026-02-14,2,2026-02-28,wk inc flu hosp,quantile,0.3,107.9267534244648
41,2026-02-14,2,2026-02-28,wk inc flu hosp,quantile,0.3,258.01717156000524
42,2026-02-14,2,2026-02-28,wk inc flu hosp,quantile,0.3,324.18841088659747
44,2026-02-14,2,2026-02-28,wk inc flu hosp,quantile,0.3,7.844665759443481
45,2026-02-14,2,2026-02-28,wk inc flu hosp,quantile,0.3,92.83648596030194
46,2026-02-14,2,2026-02-28,wk inc flu hosp,quantile,0.3,25.564732243547738
47,2026-02-14,2,2026-02-28,wk inc flu hosp,quantile,0.3,171.16775599658587
48,2026-02-14,2,2026-02-28,wk inc flu hosp,quantile,0.3,825.4120682426451
49,2026-02-14,2,2026-02-28,wk inc flu hosp,quantile,0.3,49.754547843597756
50,2026-02-14,2,2026-02-28,wk inc flu hosp,quantile,0.3,12.359464679524148
51,2026-02-14,2,2026-02-28,wk inc flu hosp,quantile,0.3,114.85858877700072
53,2026-02-14,2,2026-02-28,wk inc flu hosp,quantile,0.3,260.61145476287027
54,2026-02-14,2,2026-02-28,wk inc flu hosp,quantile,0.3,69.35009585242976
55,2026-02-14,2,2026-02-28,wk inc flu hosp,quantile,0.3,117.55688061648007
56,2026-02-14,2,2026-02-28,wk inc flu hosp,quantile,0.3,10.637257490183265
72,2026-02-14,2,2026-02-28,wk inc flu hosp,quantile,0.3,99.90536187481271
01,2026-02-14,3,2026-03-07,wk inc flu hosp,quantile,0.3,165.44076760701864
02,2026-02-14,3,2026-03-07,wk inc flu hosp,quantile,0.3,3.8349125170249607
04,2026-02-14,3,2026-03-07,wk inc flu hosp,quantile,0.3,245.36689006470107
05,2026-02-14,3,2026-03-07,wk inc flu hosp,quantile,0.3,88.2446896286735
06,2026-02-14,3,2026-03-07,wk inc flu hosp,quantile,0.3,989.2046226441886
08,2026-02-14,3,2026-03-07,wk inc flu hosp,quantile,0.3,55.93361594924959
09,2026-02-14,3,2026-03-07,wk inc flu hosp,quantile,0.3,15.839626209306836
10,2026-02-14,3,2026-03-07,wk inc flu hosp,quantile,0.3,12.24753577405558
11,2026-02-14,3,2026-03-07,wk inc flu hosp,quantile,0.3,0.8918989205796439
12,2026-02-14,3,2026-03-07,wk inc flu hosp,quantile,0.3,675.596442055433
13,2026-02-14,3,2026-03-07,wk inc flu hosp,quantile,0.3,157.89048133670525
15,2026-02-14,3,2026-03-07,wk inc flu hosp,quantile,0.3,10.82955060525795
16,2026-02-14,3,2026-03-07,wk inc flu hosp,quantile,0.3,54.45446991443649
17,2026-02-14,3,2026-03-07,wk inc flu hosp,quantile,0.3,183.62460988800228
18,2026-02-14,3,2026-03-07,wk inc flu hosp,quantile,0.3,155.4354302151644
19,2026-02-14,3,2026-03-07,wk inc flu hosp,quantile,0.3,69.82375273908305
20,2026-02-14,3,2026-03-07,wk inc flu hosp,quantile,0.3,78.57959985988307
21,2026-02-14,3,2026-03-07,wk inc flu hosp,quantile,0.3,88.4499641069365
22,2026-02-14,3,2026-03-07,wk inc flu hosp,quantile,0.3,121.14184029656896
23,2026-02-14,3,2026-03-07,wk inc flu hosp,quantile,0.3,20.100744159698753
24,2026-02-14,3,2026-03-07,wk inc flu hosp,quantile,0.3,22.5261146377886
25,2026-02-14,3,2026-03-07,wk inc flu hosp,quantile,0.3,35.89635828656502
26,2026-02-14,3,2026-03-07,wk inc flu hosp,quantile,0.3,119.2669306891895
27,2026-02-14,3,2026-03-07,wk inc flu hosp,quantile,0.3,59.338245773321
28,2026-02-14,3,2026-03-07,wk inc flu hosp,quantile,0.3,105.0756464026944
29,2026-02-14,3,2026-03-07,wk inc flu hosp,quantile,0.3,109.87694134111692
30,2026-02-14,3,2026-03-07,wk inc flu hosp,quantile,0.3,30.0392592283911
31,2026-02-14,3,2026-03-07,wk inc flu hosp,quantile,0.3,55.10206787075618
32,2026-02-14,3,2026-03-07,wk inc flu hosp,quantile,0.3,54.64676093519889
33,2026-02-14,3,2026-03-07,wk inc flu hosp,quantile,0.3,14.840678173753233
34,2026-02-14,3,2026-03-07,wk inc flu hosp,quantile,0.3,68.92995800563072
35,2026-02-14,3,2026-03-07,wk inc flu hosp,quantile,0.3,69.12333849949621
36,2026-02-14,3,2026-03-07,wk inc flu hosp,quantile,0.3,73.29526082167885
37,2026-02-14,3,2026-03-07,wk inc flu hosp,quantile,0.3,131.06487496511156
38,2026-02-14,3,2026-03-07,wk inc flu hosp,quantile,0.3,15.374712236014442
39,2026-02-14,3,2026-03-07,wk inc flu hosp,quantile,0.3,188.2375207302029
40,2026-02-14,3,2026-03-07,wk inc flu hosp,quantile,0.3,92.31030873095239
41,2026-02-14,3,2026-03-07,wk inc flu hosp,quantile,0.3,213.85181244947404
42,2026-02-14,3,2026-03-07,wk inc flu hosp,quantile,0.3,261.56428803077085
44,2026-02-14,3,2026-03-07,wk inc flu hosp,quantile,0.3,6.220707716055644
45,2026-02-14,3,2026-03-07,wk inc flu hosp,quantile,0.3,77.74002612318384
46,2026-02-14,3,2026-03-07,wk inc flu hosp,quantile,0.3,20.643214373720642
47,2026-02-14,3,2026-03-07,wk inc flu hosp,quantile,0.3,144.4924403422085
48,2026-02-14,3,2026-03-07,wk inc flu hosp,quantile,0.3,719.2731667612784
49,2026-02-14,3,2026-03-07,wk inc flu hosp,quantile,0.3,40.87240662366968
50,2026-02-14,3,2026-03-07,wk inc flu hosp,quantile,0.3,10.03667864077545
51,2026-02-14,3,2026-03-07,wk inc flu hosp,quantile,0.3,94.76405037782689
53,2026-02-14,3,2026-03-07,wk inc flu hosp,quantile,0.3,216.88862665014818
54,2026-02-14,3,2026-03-07,wk inc flu hosp,quantile,0.3,56.25993114400906
55,2026-02-14,3,2026-03-07,wk inc flu hosp,quantile,0.3,92.83394493792899
56,2026-02-14,3,2026-03-07,wk inc flu hosp,quantile,0.3,9.581642816820883
72,2026-02-14,3,2026-03-07,wk inc flu hosp,quantile,0.3,88.97038561134836
01,2026-02-14,0,2026-02-14,wk inc flu hosp,quantile,0.35,291.3034269215412
02,2026-02-14,0,2026-02-14,wk inc flu hosp,quantile,0.35,7.5269827520633745
04,2026-02-14,0,2026-02-14,wk inc flu hosp,quantile,0.35,296.337226541907
05,2026-02-14,0,2026-02-14,wk inc flu hosp,quantile,0.35,143.52984225984426
06,2026-02-14,0,2026-02-14,wk inc flu hosp,quantile,0.35,1635.936465224187
08,2026-02-14,0,2026-02-14,wk inc flu hosp,quantile,0.35,98.7543043842415
09,2026-02-14,0,2026-02-14,wk inc flu hosp,quantile,0.35,37.41403761686106
10,2026-02-14,0,2026-02-14,wk inc flu hosp,quantile,0.35,30.955696624493232
11,2026-02-14,0,2026-02-14,wk inc flu hosp,quantile,0.35,3.426030941948983
12,2026-02-14,0,2026-02-14,wk inc flu hosp,quantile,0.35,1281.31648391737
13,2026-02-14,0,2026-02-14,wk inc flu hosp,quantile,0.35,276.99403470275263
15,2026-02-14,0,2026-02-14,wk inc flu hosp,quantile,0.35,18.71589258028293
16,2026-02-14,0,2026-02-14,wk inc flu hosp,quantile,0.35,95.07778813029697
17,2026-02-14,0,2026-02-14,wk inc flu hosp,quantile,0.35,380.4519410893228
18,2026-02-14,0,2026-02-14,wk inc flu hosp,quantile,0.35,260.78405788594137
19,2026-02-14,0,2026-02-14,wk inc flu hosp,quantile,0.35,149.0831684645458
20,2026-02-14,0,2026-02-14,wk inc flu hosp,quantile,0.35,157.4316672129662
21,2026-02-14,0,2026-02-14,wk inc flu hosp,quantile,0.35,173.85973936552568
22,2026-02-14,0,2026-02-14,wk inc flu hosp,quantile,0.35,226.3153797334594
23,2026-02-14,0,2026-02-14,wk inc flu hosp,quantile,0.35,42.74465809349518
24,2026-02-14,0,2026-02-14,wk inc flu hosp,quantile,0.35,52.94834220020281
25,2026-02-14,0,2026-02-14,wk inc flu hosp,quantile,0.35,80.52743575690855
26,2026-02-14,0,2026-02-14,wk inc flu hosp,quantile,0.35,209.58297446900315
27,2026-02-14,0,2026-02-14,wk inc flu hosp,quantile,0.35,133.7079426780664
28,2026-02-14,0,2026-02-14,wk inc flu hosp,quantile,0.35,152.27571503600115
29,2026-02-14,0,2026-02-14,wk inc flu hosp,quantile,0.35,230.6624008921016
30,2026-02-14,0,2026-02-14,wk inc flu hosp,quantile,0.35,55.78331790394476
31,2026-02-14,0,2026-02-14,wk inc flu hosp,quantile,0.35,109.54755952450343
32,2026-02-14,0,2026-02-14,wk inc flu hosp,quantile,0.35,80.23340457835336
33,2026-02-14,0,2026-02-14,wk inc flu hosp,quantile,0.35,34.135706236332126
34,2026-02-14,0,2026-02-14,wk inc flu hosp,quantile,0.35,148.07942933607833
35,2026-02-14,0,2026-02-14,wk inc flu hosp,quantile,0.35,125.54273323628784
36,2026-02-14,0,2026-02-14,wk inc flu hosp,quantile,0.35,166.34781575038934
37,2026-02-14,0,2026-02-14,wk inc flu hosp,quantile,0.35,276.3588246776899
38,2026-02-14,0,2026-02-14,wk inc flu hosp,quantile,0.35,33.30927796355463
39,2026-02-14,0,2026-02-14,wk inc flu hosp,quantile,0.35,385.99483898929446
40,2026-02-14,0,2026-02-14,wk inc flu hosp,quantile,0.35,144.59798535733276
41,2026-02-14,0,2026-02-14,wk inc flu hosp,quantile,0.35,364.2021146497272
42,2026-02-14,0,2026-02-14,wk inc flu hosp,quantile,0.35,547.0221658516296
44,2026-02-14,0,2026-02-14,wk inc flu hosp,quantile,0.35,15.97445294131834
45,2026-02-14,0,2026-02-14,wk inc flu hosp,quantile,0.35,143.82231971118307
46,2026-02-14,0,2026-02-14,wk inc flu hosp,quantile,0.35,41.38040828800054
47,2026-02-14,0,2026-02-14,wk inc flu hosp,quantile,0.35,249.94136472852253
48,2026-02-14,0,2026-02-14,wk inc flu hosp,quantile,0.35,1113.6082351436994
49,2026-02-14,0,2026-02-14,wk inc flu hosp,quantile,0.35,76.45138285346157
50,2026-02-14,0,2026-02-14,wk inc flu hosp,quantile,0.35,20.100151931645094
51,2026-02-14,0,2026-02-14,wk inc flu hosp,quantile,0.35,188.74058980304648
53,2026-02-14,0,2026-02-14,wk inc flu hosp,quantile,0.35,341.7395744235758
54,2026-02-14,0,2026-02-14,wk inc flu hosp,quantile,0.35,110.90836372621811
55,2026-02-14,0,2026-02-14,wk inc flu hosp,quantile,0.35,200.6438119048439
56,2026-02-14,0,2026-02-14,wk inc flu hosp,quantile,0.35,15.043888245457923
72,2026-02-14,0,2026-02-14,wk inc flu hosp,quantile,0.35,131.16316316531712
01,2026-02-14,1,2026-02-21,wk inc flu hosp,quantile,0.35,252.05956704646505
02,2026-02-14,1,2026-02-21,wk inc flu hosp,quantile,0.35,6.5325930035499695
04,2026-02-14,1,2026-02-21,wk inc flu hosp,quantile,0.35,292.0178462780765
05,2026-02-14,1,2026-02-21,wk inc flu hosp,quantile,0.35,128.03624739725424
06,2026-02-14,1,2026-02-21,wk inc flu hosp,quantile,0.35,1440.292838340823
08,2026-02-14,1,2026-02-21,wk inc flu hosp,quantile,0.35,87.29988325093268
09,2026-02-14,1,2026-02-21,wk inc flu hosp,quantile,0.35,29.566530049841003
10,2026-02-14,1,2026-02-21,wk inc flu hosp,quantile,0.35,24.300188401637644
11,2026-02-14,1,2026-02-21,wk inc flu hosp,quantile,0.35,2.3592158401371037
12,2026-02-14,1,2026-02-21,wk inc flu hosp,quantile,0.35,1065.2007066080955
13,2026-02-14,1,2026-02-21,wk inc flu hosp,quantile,0.35,239.85740350723705
15,2026-02-14,1,2026-02-21,wk inc flu hosp,quantile,0.35,16.27650306398188
16,2026-02-14,1,2026-02-21,wk inc flu hosp,quantile,0.35,83.89408993635473
17,2026-02-14,1,2026-02-21,wk inc flu hosp,quantile,0.35,314.6024448375099
18,2026-02-14,1,2026-02-21,wk inc flu hosp,quantile,0.35,227.75606092133884
19,2026-02-14,1,2026-02-21,wk inc flu hosp,quantile,0.35,121.47188496831123
20,2026-02-14,1,2026-02-21,wk inc flu hosp,quantile,0.35,131.3361500788405
21,2026-02-14,1,2026-02-21,wk inc flu hosp,quantile,0.35,146.46167815642795
22,2026-02-14,1,2026-02-21,wk inc flu hosp,quantile,0.35,191.19227560876564
23,2026-02-14,1,2026-02-21,wk inc flu hosp,quantile,0.35,35.36725697733461
24,2026-02-14,1,2026-02-21,wk inc flu hosp,quantile,0.35,41.866742147032305
25,2026-02-14,1,2026-02-21,wk inc flu hosp,quantile,0.35,63.88859964530551
26,2026-02-14,1,2026-02-21,wk inc flu hosp,quantile,0.35,176.93422991826597
27,2026-02-14,1,2026-02-21,wk inc flu hosp,quantile,0.35,108.47500695423695
28,2026-02-14,1,2026-02-21,wk inc flu hosp,quantile,0.35,139.2590241097995
29,2026-02-14,1,2026-02-21,wk inc flu hosp,quantile,0.35,188.0484475101434
30,2026-02-14,1,2026-02-21,wk inc flu hosp,quantile,0.35,48.029725328310484
31,2026-02-14,1,2026-02-21,wk inc flu hosp,quantile,0.35,91.47311050634421
32,2026-02-14,1,2026-02-21,wk inc flu hosp,quantile,0.35,75.2514717295763
33,2026-02-14,1,2026-02-21,wk inc flu hosp,quantile,0.35,27.167138705574864
34,2026-02-14,1,2026-02-21,wk inc flu hosp,quantile,0.35,119.94664283072787
35,2026-02-14,1,2026-02-21,wk inc flu hosp,quantile,0.35,106.5627822355368
36,2026-02-14,1,2026-02-21,wk inc flu hosp,quantile,0.35,133.6984016968798
37,2026-02-14,1,2026-02-21,wk inc flu hosp,quantile,0.35,228.01994093131418
38,2026-02-14,1,2026-02-21,wk inc flu hosp,quantile,0.35,27.371025546439235
39,2026-02-14,1,2026-02-21,wk inc flu hosp,quantile,0.35,314.31236787347706
40,2026-02-14,1,2026-02-21,wk inc flu hosp,quantile,0.35,130.34693148066418
41,2026-02-14,1,2026-02-21,wk inc flu hosp,quantile,0.35,325.46144048562684
42,2026-02-14,1,2026-02-21,wk inc flu hosp,quantile,0.35,450.80714882744894
44,2026-02-14,1,2026-02-21,wk inc flu hosp,quantile,0.35,12.163509041411752
45,2026-02-14,1,2026-02-21,wk inc flu hosp,quantile,0.35,122.48334565530891
46,2026-02-14,1,2026-02-21,wk inc flu hosp,quantile,0.35,34.56838800471023
47,2026-02-14,1,2026-02-21,wk inc flu hosp,quantile,0.35,217.43944810030038
48,2026-02-14,1,2026-02-21,wk inc flu hosp,quantile,0.35,983.423634961291
49,2026-02-14,1,2026-02-21,wk inc flu hosp,quantile,0.35,65.76434948836982
50,2026-02-14,1,2026-02-21,wk inc flu hosp,quantile,0.35,16.822850253283022
51,2026-02-14,1,2026-02-21,wk inc flu hosp,quantile,0.35,158.3868340834482
53,2026-02-14,1,2026-02-21,wk inc flu hosp,quantile,0.35,313.79381412508445
54,2026-02-14,1,2026-02-21,wk inc flu hosp,quantile,0.35,93.05242067480945
55,2026-02-14,1,2026-02-21,wk inc flu hosp,quantile,0.35,161.30998152172359
56,2026-02-14,1,2026-02-21,wk inc flu hosp,quantile,0.35,13.51508306548267
72,2026-02-14,1,2026-02-21,wk inc flu hosp,quantile,0.35,119.61322428914615
01,2026-02-14,2,2026-02-28,wk inc flu hosp,quantile,0.35,208.33487623466954
02,2026-02-14,2,2026-02-28,wk inc flu hosp,quantile,0.35,5.009293716467407
04,2026-02-14,2,2026-02-28,wk inc flu hosp,quantile,0.35,273.67562184221873
05,2026-02-14,2,2026-02-28,wk inc flu hosp,quantile,0.35,110.50512781182006
06,2026-02-14,2,2026-02-28,wk inc flu hosp,quantile,0.35,1219.7938851546053
08,2026-02-14,2,2026-02-28,wk inc flu hosp,quantile,0.35,69.4900332831166
09,2026-02-14,2,2026-02-28,wk inc flu hosp,quantile,0.35,21.244251279676956
10,2026-02-14,2,2026-02-28,wk inc flu hosp,quantile,0.35,17.95421652400502
11,2026-02-14,2,2026-02-28,wk inc flu hosp,quantile,0.35,1.4575137945213945
12,2026-02-14,2,2026-02-28,wk inc flu hosp,quantile,0.35,871.3218737531565
13,2026-02-14,2,2026-02-28,wk inc flu hosp,quantile,0.35,198.33058006184342
15,2026-02-14,2,2026-02-28,wk inc flu hosp,quantile,0.35,13.299023089301368
16,2026-02-14,2,2026-02-28,wk inc flu hosp,quantile,0.35,67.89963790918164
17,2026-02-14,2,2026-02-28,wk inc flu hosp,quantile,0.35,246.76244493281192
18,2026-02-14,2,2026-02-28,wk inc flu hosp,quantile,0.35,191.47028137989417
19,2026-02-14,2,2026-02-28,wk inc flu hosp,quantile,0.35,94.81648278145757
20,2026-02-14,2,2026-02-28,wk inc flu hosp,quantile,0.35,104.33620711164093
21,2026-02-14,2,2026-02-28,wk inc flu hosp,quantile,0.35,116.44063029004661
22,2026-02-14,2,2026-02-28,wk inc flu hosp,quantile,0.35,155.76971488520536
23,2026-02-14,2,2026-02-28,wk inc flu hosp,quantile,0.35,27.287977793624773
24,2026-02-14,2,2026-02-28,wk inc flu hosp,quantile,0.35,31.766902124826917
25,2026-02-14,2,2026-02-28,wk inc flu hosp,quantile,0.35,48.196021609442354
26,2026-02-14,2,2026-02-28,wk inc flu hosp,quantile,0.35,144.3722590375415
27,2026-02-14,2,2026-02-28,wk inc flu hosp,quantile,0.35,79.7435948655333
28,2026-02-14,2,2026-02-28,wk inc flu hosp,quantile,0.35,121.44554324205548
29,2026-02-14,2,2026-02-28,wk inc flu hosp,quantile,0.35,150.2410910199179
30,2026-02-14,2,2026-02-28,wk inc flu hosp,quantile,0.35,38.278806953522476
31,2026-02-14,2,2026-02-28,wk inc flu hosp,quantile,0.35,73.32000355261219
32,2026-02-14,2,2026-02-28,wk inc flu hosp,quantile,0.35,62.92585173029995
33,2026-02-14,2,2026-02-28,wk inc flu hosp,quantile,0.35,20.4511476688672
34,2026-02-14,2,2026-02-28,wk inc flu hosp,quantile,0.35,93.42152771675441
35,2026-02-14,2,2026-02-28,wk inc flu hosp,quantile,0.35,87.28082233418677
36,2026-02-14,2,2026-02-28,wk inc flu hosp,quantile,0.35,94.08165564079249
37,2026-02-14,2,2026-02-28,wk inc flu hosp,quantile,0.35,176.39048993666455
38,2026-02-14,2,2026-02-28,wk inc flu hosp,quantile,0.35,20.848335781240646
39,2026-02-14,2,2026-02-28,wk inc flu hosp,quantile,0.35,250.05850349166076
40,2026-02-14,2,2026-02-28,wk inc flu hosp,quantile,0.35,111.00498105525995
41,2026-02-14,2,2026-02-28,wk inc flu hosp,quantile,0.35,264.695628471013
42,2026-02-14,2,2026-02-28,wk inc flu hosp,quantile,0.35,354.4320154304259
44,2026-02-14,2,2026-02-28,wk inc flu hosp,quantile,0.35,8.742530908590044
45,2026-02-14,2,2026-02-28,wk inc flu hosp,quantile,0.35,98.33994944443901
46,2026-02-14,2,2026-02-28,wk inc flu hosp,quantile,0.35,27.34534567009366
47,2026-02-14,2,2026-02-28,wk inc flu hosp,quantile,0.35,184.23295504475783
48,2026-02-14,2,2026-02-28,wk inc flu hosp,quantile,0.35,834.5692143387121
49,2026-02-14,2,2026-02-28,wk inc flu hosp,quantile,0.35,52.41616924884296
50,2026-02-14,2,2026-02-28,wk inc flu hosp,quantile,0.35,13.781663449919694
51,2026-02-14,2,2026-02-28,wk inc flu hosp,quantile,0.35,123.42399990056407
53,2026-02-14,2,2026-02-28,wk inc flu hosp,quantile,0.35,272.0703486442493
54,2026-02-14,2,2026-02-28,wk inc flu hosp,quantile,0.35,74.27628102532478
55,2026-02-14,2,2026-02-28,wk inc flu hosp,quantile,0.35,124.32301189635582
56,2026-02-14,2,2026-02-28,wk inc flu hosp,quantile,0.35,11.48157199002485
72,2026-02-14,2,2026-02-28,wk inc flu hosp,quantile,0.35,104.21213818838639
01,2026-02-14,3,2026-03-07,wk inc flu hosp,quantile,0.35,180.4740463644228
02,2026-02-14,3,2026-03-07,wk inc flu hosp,quantile,0.35,4.370332501696044
04,2026-02-14,3,2026-03-07,wk inc flu hosp,quantile,0.35,259.6881874815256
05,2026-02-14,3,2026-03-07,wk inc flu hosp,quantile,0.35,96.85271429635661
06,2026-02-14,3,2026-03-07,wk inc flu hosp,quantile,0.35,1051.9593442990438
08,2026-02-14,3,2026-03-07,wk inc flu hosp,quantile,0.35,62.61047503851598
09,2026-02-14,3,2026-03-07,wk inc flu hosp,quantile,0.35,18.932722548006623
10,2026-02-14,3,2026-03-07,wk inc flu hosp,quantile,0.35,13.797782356526968
11,2026-02-14,3,2026-03-07,wk inc flu hosp,quantile,0.35,1.157125909922729
12,2026-02-14,3,2026-03-07,wk inc flu hosp,quantile,0.35,746.0502171151669
13,2026-02-14,3,2026-03-07,wk inc flu hosp,quantile,0.35,175.41539561272654
15,2026-02-14,3,2026-03-07,wk inc flu hosp,quantile,0.35,11.952630050796216
16,2026-02-14,3,2026-03-07,wk inc flu hosp,quantile,0.35,58.3003665376864
17,2026-02-14,3,2026-03-07,wk inc flu hosp,quantile,0.35,203.66902924843365
18,2026-02-14,3,2026-03-07,wk inc flu hosp,quantile,0.35,169.27985806418891
19,2026-02-14,3,2026-03-07,wk inc flu hosp,quantile,0.35,77.55628602109387
20,2026-02-14,3,2026-03-07,wk inc flu hosp,quantile,0.35,85.9182686235191
21,2026-02-14,3,2026-03-07,wk inc flu hosp,quantile,0.35,98.87752485840089
22,2026-02-14,3,2026-03-07,wk inc flu hosp,quantile,0.35,131.1796480441015
23,2026-02-14,3,2026-03-07,wk inc flu hosp,quantile,0.35,22.90956580545921
24,2026-02-14,3,2026-03-07,wk inc flu hosp,quantile,0.35,27.688823752184458
25,2026-02-14,3,2026-03-07,wk inc flu hosp,quantile,0.35,41.65560567747267
26,2026-02-14,3,2026-03-07,wk inc flu hosp,quantile,0.35,130.07027418848148
27,2026-02-14,3,2026-03-07,wk inc flu hosp,quantile,0.35,64.8186432507114
28,2026-02-14,3,2026-03-07,wk inc flu hosp,quantile,0.35,109.23837305572088
29,2026-02-14,3,2026-03-07,wk inc flu hosp,quantile,0.35,123.42343333636808
30,2026-02-14,3,2026-03-07,wk inc flu hosp,quantile,0.35,32.15587476603218
31,2026-02-14,3,2026-03-07,wk inc flu hosp,quantile,0.35,60.86048715755438
32,2026-02-14,3,2026-03-07,wk inc flu hosp,quantile,0.35,56.83858484267285
33,2026-02-14,3,2026-03-07,wk inc flu hosp,quantile,0.35,16.603524140936432
34,2026-02-14,3,2026-03-07,wk inc flu hosp,quantile,0.35,83.04494181653125
35,2026-02-14,3,2026-03-07,wk inc flu hosp,quantile,0.35,75.85043937096967
36,2026-02-14,3,2026-03-07,wk inc flu hosp,quantile,0.35,82.54538767211359
37,2026-02-14,3,2026-03-07,wk inc flu hosp,quantile,0.35,146.94383721238998
38,2026-02-14,3,2026-03-07,wk inc flu hosp,quantile,0.35,16.821636629327507
39,2026-02-14,3,2026-03-07,wk inc flu hosp,quantile,0.35,207.30884007160336
40,2026-02-14,3,2026-03-07,wk inc flu hosp,quantile,0.35,99.48632906448044
41,2026-02-14,3,2026-03-07,wk inc flu hosp,quantile,0.35,227.3350239090921
42,2026-02-14,3,2026-03-07,wk inc flu hosp,quantile,0.35,293.04881468976674
44,2026-02-14,3,2026-03-07,wk inc flu hosp,quantile,0.35,7.087440910112318
45,2026-02-14,3,2026-03-07,wk inc flu hosp,quantile,0.35,86.26828596241452
46,2026-02-14,3,2026-03-07,wk inc flu hosp,quantile,0.35,22.2995407671133
47,2026-02-14,3,2026-03-07,wk inc flu hosp,quantile,0.35,157.1355361457657
48,2026-02-14,3,2026-03-07,wk inc flu hosp,quantile,0.35,745.9771838735246
49,2026-02-14,3,2026-03-07,wk inc flu hosp,quantile,0.35,45.18123945109497
50,2026-02-14,3,2026-03-07,wk inc flu hosp,quantile,0.35,11.57430146983766
51,2026-02-14,3,2026-03-07,wk inc flu hosp,quantile,0.35,103.88125101939639
53,2026-02-14,3,2026-03-07,wk inc flu hosp,quantile,0.35,229.07795308757858
54,2026-02-14,3,2026-03-07,wk inc flu hosp,quantile,0.35,60.38703325745502
55,2026-02-14,3,2026-03-07,wk inc flu hosp,quantile,0.35,103.54453163535831
56,2026-02-14,3,2026-03-07,wk inc flu hosp,quantile,0.35,10.43879203740349
72,2026-02-14,3,2026-03-07,wk inc flu hosp,quantile,0.35,94.99702414211636
01,2026-02-14,0,2026-02-14,wk inc flu hosp,quantile,0.4,294.4653120310064
02,2026-02-14,0,2026-02-14,wk inc flu hosp,quantile,0.4,7.863848240929906
04,2026-02-14,0,2026-02-14,wk inc flu hosp,quantile,0.4,308.6477613877574
05,2026-02-14,0,2026-02-14,wk inc flu hosp,quantile,0.4,147.03360087823597
06,2026-02-14,0,2026-02-14,wk inc flu hosp,quantile,0.4,1681.8182676834797
08,2026-02-14,0,2026-02-14,wk inc flu hosp,quantile,0.4,104.59803840895152
09,2026-02-14,0,2026-02-14,wk inc flu hosp,quantile,0.4,39.006009335856355
10,2026-02-14,0,2026-02-14,wk inc flu hosp,quantile,0.4,31.063094018363376
11,2026-02-14,0,2026-02-14,wk inc flu hosp,quantile,0.4,3.631000554354763
12,2026-02-14,0,2026-02-14,wk inc flu hosp,quantile,0.4,1297.915440771798
13,2026-02-14,0,2026-02-14,wk inc flu hosp,quantile,0.4,281.79947265251195
15,2026-02-14,0,2026-02-14,wk inc flu hosp,quantile,0.4,19.40080296933772
16,2026-02-14,0,2026-02-14,wk inc flu hosp,quantile,0.4,96.82853357972438
17,2026-02-14,0,2026-02-14,wk inc flu hosp,quantile,0.4,387.9832400809369
18,2026-02-14,0,2026-02-14,wk inc flu hosp,quantile,0.4,267.1871798150151
19,2026-02-14,0,2026-02-14,wk inc flu hosp,quantile,0.4,151.9351246899468
20,2026-02-14,0,2026-02-14,wk inc flu hosp,quantile,0.4,160.21998848185345
21,2026-02-14,0,2026-02-14,wk inc flu hosp,quantile,0.4,176.47056264308375
22,2026-02-14,0,2026-02-14,wk inc flu hosp,quantile,0.4,230.32251084334885
23,2026-02-14,0,2026-02-14,wk inc flu hosp,quantile,0.4,43.750622373791906
24,2026-02-14,0,2026-02-14,wk inc flu hosp,quantile,0.4,53.764543471165915
25,2026-02-14,0,2026-02-14,wk inc flu hosp,quantile,0.4,81.39199006715423
26,2026-02-14,0,2026-02-14,wk inc flu hosp,quantile,0.4,211.77054353717122
27,2026-02-14,0,2026-02-14,wk inc flu hosp,quantile,0.4,137.79569954138668
28,2026-02-14,0,2026-02-14,wk inc flu hosp,quantile,0.4,156.54213662428992
29,2026-02-14,0,2026-02-14,wk inc flu hosp,quantile,0.4,232.20605293249648
30,2026-02-14,0,2026-02-14,wk inc flu hosp,quantile,0.4,57.21830314320713
31,2026-02-14,0,2026-02-14,wk inc flu hosp,quantile,0.4,112.40388974780518
32,2026-02-14,0,2026-02-14,wk inc flu hosp,quantile,0.4,80.8420070895951
33,2026-02-14,0,2026-02-14,wk inc flu hosp,quantile,0.4,34.71200255816472
34,2026-02-14,0,2026-02-14,wk inc flu hosp,quantile,0.4,151.60282362238954
35,2026-02-14,0,2026-02-14,wk inc flu hosp,quantile,0.4,128.3929433619609
36,2026-02-14,0,2026-02-14,wk inc flu hosp,quantile,0.4,167.8194247691926
37,2026-02-14,0,2026-02-14,wk inc flu hosp,quantile,0.4,282.18417133682607
38,2026-02-14,0,2026-02-14,wk inc flu hosp,quantile,0.4,34.017005752433796
39,2026-02-14,0,2026-02-14,wk inc flu hosp,quantile,0.4,391.6165889945971
40,2026-02-14,0,2026-02-14,wk inc flu hosp,quantile,0.4,147.07006125388165
41,2026-02-14,0,2026-02-14,wk inc flu hosp,quantile,0.4,365.94282895752923
42,2026-02-14,0,2026-02-14,wk inc flu hosp,quantile,0.4,550.7664777213168
44,2026-02-14,0,2026-02-14,wk inc flu hosp,quantile,0.4,16.583798381706476
45,2026-02-14,0,2026-02-14,wk inc flu hosp,quantile,0.4,147.36242208158455
46,2026-02-14,0,2026-02-14,wk inc flu hosp,quantile,0.4,42.52095188019055
47,2026-02-14,0,2026-02-14,wk inc flu hosp,quantile,0.4,252.13857618633438
48,2026-02-14,0,2026-02-14,wk inc flu hosp,quantile,0.4,1121.0965760635609
49,2026-02-14,0,2026-02-14,wk inc flu hosp,quantile,0.4,79.41973235222733
50,2026-02-14,0,2026-02-14,wk inc flu hosp,quantile,0.4,20.746774056121396
51,2026-02-14,0,2026-02-14,wk inc flu hosp,quantile,0.4,191.7267710851038
53,2026-02-14,0,2026-02-14,wk inc flu hosp,quantile,0.4,354.2991077929937
54,2026-02-14,0,2026-02-14,wk inc flu hosp,quantile,0.4,113.95760436209271
55,2026-02-14,0,2026-02-14,wk inc flu hosp,quantile,0.4,204.57229987089562
56,2026-02-14,0,2026-02-14,wk inc flu hosp,quantile,0.4,15.910734944011464
72,2026-02-14,0,2026-02-14,wk inc flu hosp,quantile,0.4,135.48130252586628
01,2026-02-14,1,2026-02-21,wk inc flu hosp,quantile,0.4,261.8608954716179
02,2026-02-14,1,2026-02-21,wk inc flu hosp,quantile,0.4,6.906024264828325
04,2026-02-14,1,2026-02-21,wk inc flu hosp,quantile,0.4,301.5626830238688
05,2026-02-14,1,2026-02-21,wk inc flu hosp,quantile,0.4,131.62029276484964
06,2026-02-14,1,2026-02-21,wk inc flu hosp,quantile,0.4,1502.3743569496623
08,2026-02-14,1,2026-02-21,wk inc flu hosp,quantile,0.4,92.4256827384355
09,2026-02-14,1,2026-02-21,wk inc flu hosp,quantile,0.4,31.108226277103224
10,2026-02-14,1,2026-02-21,wk inc flu hosp,quantile,0.4,24.714805787976893
11,2026-02-14,1,2026-02-21,wk inc flu hosp,quantile,0.4,2.715437391604819
12,2026-02-14,1,2026-02-21,wk inc flu hosp,quantile,0.4,1109.5295174083426
13,2026-02-14,1,2026-02-21,wk inc flu hosp,quantile,0.4,250.40893980687093
15,2026-02-14,1,2026-02-21,wk inc flu hosp,quantile,0.4,17.176844716982224
16,2026-02-14,1,2026-02-21,wk inc flu hosp,quantile,0.4,88.45909909775203
17,2026-02-14,1,2026-02-21,wk inc flu hosp,quantile,0.4,324.4450995132292
18,2026-02-14,1,2026-02-21,wk inc flu hosp,quantile,0.4,233.1845603151164
19,2026-02-14,1,2026-02-21,wk inc flu hosp,quantile,0.4,124.72984297231474
20,2026-02-14,1,2026-02-21,wk inc flu hosp,quantile,0.4,134.17292046891455
21,2026-02-14,1,2026-02-21,wk inc flu hosp,quantile,0.4,151.10340488907934
22,2026-02-14,1,2026-02-21,wk inc flu hosp,quantile,0.4,198.45423651735246
23,2026-02-14,1,2026-02-21,wk inc flu hosp,quantile,0.4,36.44800903686705
24,2026-02-14,1,2026-02-21,wk inc flu hosp,quantile,0.4,43.02949792083496
25,2026-02-14,1,2026-02-21,wk inc flu hosp,quantile,0.4,68.17217098494501
26,2026-02-14,1,2026-02-21,wk inc flu hosp,quantile,0.4,184.9727984568189
27,2026-02-14,1,2026-02-21,wk inc flu hosp,quantile,0.4,111.76509993674573
28,2026-02-14,1,2026-02-21,wk inc flu hosp,quantile,0.4,143.50847327437882
29,2026-02-14,1,2026-02-21,wk inc flu hosp,quantile,0.4,194.20211221136864
30,2026-02-14,1,2026-02-21,wk inc flu hosp,quantile,0.4,50.58253844136721
31,2026-02-14,1,2026-02-21,wk inc flu hosp,quantile,0.4,93.86832976792104
32,2026-02-14,1,2026-02-21,wk inc flu hosp,quantile,0.4,76.91819591157426
33,2026-02-14,1,2026-02-21,wk inc flu hosp,quantile,0.4,28.208617737429453
34,2026-02-14,1,2026-02-21,wk inc flu hosp,quantile,0.4,124.28011639923044
35,2026-02-14,1,2026-02-21,wk inc flu hosp,quantile,0.4,112.19492424867856
36,2026-02-14,1,2026-02-21,wk inc flu hosp,quantile,0.4,135.56814982374382
37,2026-02-14,1,2026-02-21,wk inc flu hosp,quantile,0.4,237.13734501002588
38,2026-02-14,1,2026-02-21,wk inc flu hosp,quantile,0.4,27.92650685467458
39,2026-02-14,1,2026-02-21,wk inc flu hosp,quantile,0.4,325.89244697371714
40,2026-02-14,1,2026-02-21,wk inc flu hosp,quantile,0.4,134.9732256133732
41,2026-02-14,1,2026-02-21,wk inc flu hosp,quantile,0.4,326.3628947691112
42,2026-02-14,1,2026-02-21,wk inc flu hosp,quantile,0.4,452.9635570490854
44,2026-02-14,1,2026-02-21,wk inc flu hosp,quantile,0.4,12.882425339660141
45,2026-02-14,1,2026-02-21,wk inc flu hosp,quantile,0.4,128.00266573159885
46,2026-02-14,1,2026-02-21,wk inc flu hosp,quantile,0.4,35.476893869806084
47,2026-02-14,1,2026-02-21,wk inc flu hosp,quantile,0.4,227.69296460532595
48,2026-02-14,1,2026-02-21,wk inc flu hosp,quantile,0.4,1018.5217634115269
49,2026-02-14,1,2026-02-21,wk inc flu hosp,quantile,0.4,69.55710767314872
50,2026-02-14,1,2026-02-21,wk inc flu hosp,quantile,0.4,17.547872674005312
51,2026-02-14,1,2026-02-21,wk inc flu hosp,quantile,0.4,160.87476033463562
53,2026-02-14,1,2026-02-21,wk inc flu hosp,quantile,0.4,325.05015476126164
54,2026-02-14,1,2026-02-21,wk inc flu hosp,quantile,0.4,95.60057868156329
55,2026-02-14,1,2026-02-21,wk inc flu hosp,quantile,0.4,166.59779717425798
56,2026-02-14,1,2026-02-21,wk inc flu hosp,quantile,0.4,14.120158865432803
72,2026-02-14,1,2026-02-21,wk inc flu hosp,quantile,0.4,125.07175447794151
01,2026-02-14,2,2026-02-28,wk inc flu hosp,quantile,0.4,216.91765251084595
02,2026-02-14,2,2026-02-28,wk inc flu hosp,quantile,0.4,5.582764253054871
04,2026-02-14,2,2026-02-28,wk inc flu hosp,quantile,0.4,285.43145933842146
05,2026-02-14,2,2026-02-28,wk inc flu hosp,quantile,0.4,113.40113307497553
06,2026-02-14,2,2026-02-28,wk inc flu hosp,quantile,0.4,1257.8714384434784
08,2026-02-14,2,2026-02-28,wk inc flu hosp,quantile,0.4,74.04347309411389
09,2026-02-14,2,2026-02-28,wk inc flu hosp,quantile,0.4,23.444169088777947
10,2026-02-14,2,2026-02-28,wk inc flu hosp,quantile,0.4,18.43291146264759
11,2026-02-14,2,2026-02-28,wk inc flu hosp,quantile,0.4,1.8654595443315471
12,2026-02-14,2,2026-02-28,wk inc flu hosp,quantile,0.4,916.7211408337706
13,2026-02-14,2,2026-02-28,wk inc flu hosp,quantile,0.4,210.58698198928673
15,2026-02-14,2,2026-02-28,wk inc flu hosp,quantile,0.4,14.305391192560373
16,2026-02-14,2,2026-02-28,wk inc flu hosp,quantile,0.4,73.1799522546595
17,2026-02-14,2,2026-02-28,wk inc flu hosp,quantile,0.4,258.0999129542069
18,2026-02-14,2,2026-02-28,wk inc flu hosp,quantile,0.4,200.42755317525695
19,2026-02-14,2,2026-02-28,wk inc flu hosp,quantile,0.4,99.66590280721763
20,2026-02-14,2,2026-02-28,wk inc flu hosp,quantile,0.4,107.84553200543178
21,2026-02-14,2,2026-02-28,wk inc flu hosp,quantile,0.4,124.2855569815913
22,2026-02-14,2,2026-02-28,wk inc flu hosp,quantile,0.4,162.31763396147437
23,2026-02-14,2,2026-02-28,wk inc flu hosp,quantile,0.4,28.538061202690024
24,2026-02-14,2,2026-02-28,wk inc flu hosp,quantile,0.4,33.08772147984092
25,2026-02-14,2,2026-02-28,wk inc flu hosp,quantile,0.4,52.366092427988974
26,2026-02-14,2,2026-02-28,wk inc flu hosp,quantile,0.4,153.06956102905002
27,2026-02-14,2,2026-02-28,wk inc flu hosp,quantile,0.4,84.89598466155138
28,2026-02-14,2,2026-02-28,wk inc flu hosp,quantile,0.4,126.41161373768347
29,2026-02-14,2,2026-02-28,wk inc flu hosp,quantile,0.4,151.8801923902371
30,2026-02-14,2,2026-02-28,wk inc flu hosp,quantile,0.4,40.86078583966277
31,2026-02-14,2,2026-02-28,wk inc flu hosp,quantile,0.4,76.05911781260198
32,2026-02-14,2,2026-02-28,wk inc flu hosp,quantile,0.4,66.07906478760412
33,2026-02-14,2,2026-02-28,wk inc flu hosp,quantile,0.4,21.866285579148993
34,2026-02-14,2,2026-02-28,wk inc flu hosp,quantile,0.4,98.38923547548994
35,2026-02-14,2,2026-02-28,wk inc flu hosp,quantile,0.4,91.68520316051993
36,2026-02-14,2,2026-02-28,wk inc flu hosp,quantile,0.4,104.34757573749019
37,2026-02-14,2,2026-02-28,wk inc flu hosp,quantile,0.4,195.0551741919371
38,2026-02-14,2,2026-02-28,wk inc flu hosp,quantile,0.4,21.786365523979995
39,2026-02-14,2,2026-02-28,wk inc flu hosp,quantile,0.4,262.36971977221276
40,2026-02-14,2,2026-02-28,wk inc flu hosp,quantile,0.4,115.7823965236437
41,2026-02-14,2,2026-02-28,wk inc flu hosp,quantile,0.4,272.02412209804373
42,2026-02-14,2,2026-02-28,wk inc flu hosp,quantile,0.4,355.6124948428699
44,2026-02-14,2,2026-02-28,wk inc flu hosp,quantile,0.4,9.700764981399775
45,2026-02-14,2,2026-02-28,wk inc flu hosp,quantile,0.4,106.2668927002595
46,2026-02-14,2,2026-02-28,wk inc flu hosp,quantile,0.4,28.526421192437716
47,2026-02-14,2,2026-02-28,wk inc flu hosp,quantile,0.4,190.65284768256478
48,2026-02-14,2,2026-02-28,wk inc flu hosp,quantile,0.4,872.1053021241587
49,2026-02-14,2,2026-02-28,wk inc flu hosp,quantile,0.4,56.72367512995468
50,2026-02-14,2,2026-02-28,wk inc flu hosp,quantile,0.4,14.44574941816902
51,2026-02-14,2,2026-02-28,wk inc flu hosp,quantile,0.4,128.89055534610472
53,2026-02-14,2,2026-02-28,wk inc flu hosp,quantile,0.4,278.7873011738192
54,2026-02-14,2,2026-02-28,wk inc flu hosp,quantile,0.4,77.99539139520587
55,2026-02-14,2,2026-02-28,wk inc flu hosp,quantile,0.4,130.60589872501058
56,2026-02-14,2,2026-02-28,wk inc flu hosp,quantile,0.4,12.167585469192536
72,2026-02-14,2,2026-02-28,wk inc flu hosp,quantile,0.4,111.80783963835233
01,2026-02-14,3,2026-03-07,wk inc flu hosp,quantile,0.4,190.5231465175224
02,2026-02-14,3,2026-03-07,wk inc flu hosp,quantile,0.4,5.037400366071781
04,2026-02-14,3,2026-03-07,wk inc flu hosp,quantile,0.4,271.0375058362938
05,2026-02-14,3,2026-03-07,wk inc flu hosp,quantile,0.4,99.90794146175398
06,2026-02-14,3,2026-03-07,wk inc flu hosp,quantile,0.4,1089.7826560409383
08,2026-02-14,3,2026-03-07,wk inc flu hosp,quantile,0.4,65.64054282358187
09,2026-02-14,3,2026-03-07,wk inc flu hosp,quantile,0.4,20.071147250033
10,2026-02-14,3,2026-03-07,wk inc flu hosp,quantile,0.4,14.31735611831812
11,2026-02-14,3,2026-03-07,wk inc flu hosp,quantile,0.4,1.3770769294734913
12,2026-02-14,3,2026-03-07,wk inc flu hosp,quantile,0.4,790.3493217016144
13,2026-02-14,3,2026-03-07,wk inc flu hosp,quantile,0.4,186.540320910079
15,2026-02-14,3,2026-03-07,wk inc flu hosp,quantile,0.4,13.00137752806558
16,2026-02-14,3,2026-03-07,wk inc flu hosp,quantile,0.4,63.28213889598973
17,2026-02-14,3,2026-03-07,wk inc flu hosp,quantile,0.4,219.536878090433
18,2026-02-14,3,2026-03-07,wk inc flu hosp,quantile,0.4,179.38252196081422
19,2026-02-14,3,2026-03-07,wk inc flu hosp,quantile,0.4,82.34326369386142
20,2026-02-14,3,2026-03-07,wk inc flu hosp,quantile,0.4,88.97141605616201
21,2026-02-14,3,2026-03-07,wk inc flu hosp,quantile,0.4,107.1871378377996
22,2026-02-14,3,2026-03-07,wk inc flu hosp,quantile,0.4,137.06881792892162
23,2026-02-14,3,2026-03-07,wk inc flu hosp,quantile,0.4,23.516091153493182
24,2026-02-14,3,2026-03-07,wk inc flu hosp,quantile,0.4,29.191436329943297
25,2026-02-14,3,2026-03-07,wk inc flu hosp,quantile,0.4,45.782457935505064
26,2026-02-14,3,2026-03-07,wk inc flu hosp,quantile,0.4,137.57134508015622
27,2026-02-14,3,2026-03-07,wk inc flu hosp,quantile,0.4,70.0281618286934
28,2026-02-14,3,2026-03-07,wk inc flu hosp,quantile,0.4,114.16220411770709
29,2026-02-14,3,2026-03-07,wk inc flu hosp,quantile,0.4,125.68163839572561
30,2026-02-14,3,2026-03-07,wk inc flu hosp,quantile,0.4,34.105414055517656
31,2026-02-14,3,2026-03-07,wk inc flu hosp,quantile,0.4,63.95802687250467
32,2026-02-14,3,2026-03-07,wk inc flu hosp,quantile,0.4,58.45122877117664
33,2026-02-14,3,2026-03-07,wk inc flu hosp,quantile,0.4,18.019768423874886
34,2026-02-14,3,2026-03-07,wk inc flu hosp,quantile,0.4,85.33028960444128
35,2026-02-14,3,2026-03-07,wk inc flu hosp,quantile,0.4,80.73248129231031
36,2026-02-14,3,2026-03-07,wk inc flu hosp,quantile,0.4,89.46635630243199
37,2026-02-14,3,2026-03-07,wk inc flu hosp,quantile,0.4,164.71040711940603
38,2026-02-14,3,2026-03-07,wk inc flu hosp,quantile,0.4,18.041285564459674
39,2026-02-14,3,2026-03-07,wk inc flu hosp,quantile,0.4,219.42657027860972
40,2026-02-14,3,2026-03-07,wk inc flu hosp,quantile,0.4,101.74466401925346
41,2026-02-14,3,2026-03-07,wk inc flu hosp,quantile,0.4,230.29250615598508
42,2026-02-14,3,2026-03-07,wk inc flu hosp,quantile,0.4,299.3490236503965
44,2026-02-14,3,2026-03-07,wk inc flu hosp,quantile,0.4,7.947902395033586
45,2026-02-14,3,2026-03-07,wk inc flu hosp,quantile,0.4,92.24443584583886
46,2026-02-14,3,2026-03-07,wk inc flu hosp,quantile,0.4,23.769758225163937
47,2026-02-14,3,2026-03-07,wk inc flu hosp,quantile,0.4,166.28018645964434
48,2026-02-14,3,2026-03-07,wk inc flu hosp,quantile,0.4,781.0414616932684
49,2026-02-14,3,2026-03-07,wk inc flu hosp,quantile,0.4,48.69355520259211
50,2026-02-14,3,2026-03-07,wk inc flu hosp,quantile,0.4,12.346890466286528
51,2026-02-14,3,2026-03-07,wk inc flu hosp,quantile,0.4,109.38883843364684
53,2026-02-14,3,2026-03-07,wk inc flu hosp,quantile,0.4,244.12795136694032
54,2026-02-14,3,2026-03-07,wk inc flu hosp,quantile,0.4,64.15380528791731
55,2026-02-14,3,2026-03-07,wk inc flu hosp,quantile,0.4,109.69545022430752
56,2026-02-14,3,2026-03-07,wk inc flu hosp,quantile,0.4,11.076577413524271
72,2026-02-14,3,2026-03-07,wk inc flu hosp,quantile,0.4,102.05323020496229
01,2026-02-14,0,2026-02-14,wk inc flu hosp,quantile,0.45,302.53420585193663
02,2026-02-14,0,2026-02-14,wk inc flu hosp,quantile,0.45,8.458922857201046
04,2026-02-14,0,2026-02-14,wk inc flu hosp,quantile,0.45,312.39940028084135
05,2026-02-14,0,2026-02-14,wk inc flu hosp,quantile,0.45,151.15664558669457
06,2026-02-14,0,2026-02-14,wk inc flu hosp,quantile,0.45,1682.4975722873974
08,2026-02-14,0,2026-02-14,wk inc flu hosp,quantile,0.45,109.8555938381038
09,2026-02-14,0,2026-02-14,wk inc flu hosp,quantile,0.45,40.53196013885322
10,2026-02-14,0,2026-02-14,wk inc flu hosp,quantile,0.45,32.44090729680318
11,2026-02-14,0,2026-02-14,wk inc flu hosp,quantile,0.45,3.7684683858511567
12,2026-02-14,0,2026-02-14,wk inc flu hosp,quantile,0.45,1332.8773092979923
13,2026-02-14,0,2026-02-14,wk inc flu hosp,quantile,0.45,294.91615993262303
15,2026-02-14,0,2026-02-14,wk inc flu hosp,quantile,0.45,20.09828801112864
16,2026-02-14,0,2026-02-14,wk inc flu hosp,quantile,0.45,99.9080086177719
17,2026-02-14,0,2026-02-14,wk inc flu hosp,quantile,0.45,395.87645342072005
18,2026-02-14,0,2026-02-14,wk inc flu hosp,quantile,0.45,272.04319408956053
19,2026-02-14,0,2026-02-14,wk inc flu hosp,quantile,0.45,155.3832015597936
20,2026-02-14,0,2026-02-14,wk inc flu hosp,quantile,0.45,164.8736252339547
21,2026-02-14,0,2026-02-14,wk inc flu hosp,quantile,0.45,180.28050860041492
22,2026-02-14,0,2026-02-14,wk inc flu hosp,quantile,0.45,236.41510891169526
23,2026-02-14,0,2026-02-14,wk inc flu hosp,quantile,0.45,45.393141339649276
24,2026-02-14,0,2026-02-14,wk inc flu hosp,quantile,0.45,56.29677776509946
25,2026-02-14,0,2026-02-14,wk inc flu hosp,quantile,0.45,84.76699407633558
26,2026-02-14,0,2026-02-14,wk inc flu hosp,quantile,0.45,219.8194977363996
27,2026-02-14,0,2026-02-14,wk inc flu hosp,quantile,0.45,141.92328160668393
28,2026-02-14,0,2026-02-14,wk inc flu hosp,quantile,0.45,163.4583146685389
29,2026-02-14,0,2026-02-14,wk inc flu hosp,quantile,0.45,239.65956317624364
30,2026-02-14,0,2026-02-14,wk inc flu hosp,quantile,0.45,59.304324700289385
31,2026-02-14,0,2026-02-14,wk inc flu hosp,quantile,0.45,114.95025678096287
32,2026-02-14,0,2026-02-14,wk inc flu hosp,quantile,0.45,83.93963699508033
33,2026-02-14,0,2026-02-14,wk inc flu hosp,quantile,0.45,36.02228006692849
34,2026-02-14,0,2026-02-14,wk inc flu hosp,quantile,0.45,156.6885848777697
35,2026-02-14,0,2026-02-14,wk inc flu hosp,quantile,0.45,133.5224193370644
36,2026-02-14,0,2026-02-14,wk inc flu hosp,quantile,0.45,174.42061085309592
37,2026-02-14,0,2026-02-14,wk inc flu hosp,quantile,0.45,291.6236288421772
38,2026-02-14,0,2026-02-14,wk inc flu hosp,quantile,0.45,35.541315581085556
39,2026-02-14,0,2026-02-14,wk inc flu hosp,quantile,0.45,398.78378376746525
40,2026-02-14,0,2026-02-14,wk inc flu hosp,quantile,0.45,154.29992722173867
41,2026-02-14,0,2026-02-14,wk inc flu hosp,quantile,0.45,371.3711082858127
42,2026-02-14,0,2026-02-14,wk inc flu hosp,quantile,0.45,560.4142120002241
44,2026-02-14,0,2026-02-14,wk inc flu hosp,quantile,0.45,17.34051718788147
45,2026-02-14,0,2026-02-14,wk inc flu hosp,quantile,0.45,154.45646875552234
46,2026-02-14,0,2026-02-14,wk inc flu hosp,quantile,0.45,43.97862293543604
47,2026-02-14,0,2026-02-14,wk inc flu hosp,quantile,0.45,259.83426731939903
48,2026-02-14,0,2026-02-14,wk inc flu hosp,quantile,0.45,1150.6353794621664
49,2026-02-14,0,2026-02-14,wk inc flu hosp,quantile,0.45,80.67146788613317
50,2026-02-14,0,2026-02-14,wk inc flu hosp,quantile,0.45,21.008194303649873
51,2026-02-14,0,2026-02-14,wk inc flu hosp,quantile,0.45,198.91861358085032
53,2026-02-14,0,2026-02-14,wk inc flu hosp,quantile,0.45,361.6532273295533
54,2026-02-14,0,2026-02-14,wk inc flu hosp,quantile,0.45,116.79679878314415
55,2026-02-14,0,2026-02-14,wk inc flu hosp,quantile,0.45,207.10049222239726
56,2026-02-14,0,2026-02-14,wk inc flu hosp,quantile,0.45,17.019549728033137
72,2026-02-14,0,2026-02-14,wk inc flu hosp,quantile,0.45,139.9250114168709
01,2026-02-14,1,2026-02-21,wk inc flu hosp,quantile,0.45,263.1250135459954
02,2026-02-14,1,2026-02-21,wk inc flu hosp,quantile,0.45,7.4447996285775035
04,2026-02-14,1,2026-02-21,wk inc flu hosp,quantile,0.45,305.52639351547884
05,2026-02-14,1,2026-02-21,wk inc flu hosp,quantile,0.45,136.80143244421367
06,2026-02-14,1,2026-02-21,wk inc flu hosp,quantile,0.45,1502.5336226754116
08,2026-02-14,1,2026-02-21,wk inc flu hosp,quantile,0.45,97.30747204414433
09,2026-02-14,1,2026-02-21,wk inc flu hosp,quantile,0.45,32.59283648294004
10,2026-02-14,1,2026-02-21,wk inc flu hosp,quantile,0.45,25.141281564903455
11,2026-02-14,1,2026-02-21,wk inc flu hosp,quantile,0.45,2.7554657248566152
12,2026-02-14,1,2026-02-21,wk inc flu hosp,quantile,0.45,1136.7076039341737
13,2026-02-14,1,2026-02-21,wk inc flu hosp,quantile,0.45,256.4330014505608
15,2026-02-14,1,2026-02-21,wk inc flu hosp,quantile,0.45,17.917355135443454
16,2026-02-14,1,2026-02-21,wk inc flu hosp,quantile,0.45,89.29816447713561
17,2026-02-14,1,2026-02-21,wk inc flu hosp,quantile,0.45,328.60665411939914
18,2026-02-14,1,2026-02-21,wk inc flu hosp,quantile,0.45,238.2457619385701
19,2026-02-14,1,2026-02-21,wk inc flu hosp,quantile,0.45,128.99665040815583
20,2026-02-14,1,2026-02-21,wk inc flu hosp,quantile,0.45,139.35681597911778
21,2026-02-14,1,2026-02-21,wk inc flu hosp,quantile,0.45,154.33010155603324
22,2026-02-14,1,2026-02-21,wk inc flu hosp,quantile,0.45,200.2155950492905
23,2026-02-14,1,2026-02-21,wk inc flu hosp,quantile,0.45,36.94590665998584
24,2026-02-14,1,2026-02-21,wk inc flu hosp,quantile,0.45,45.90228607960803
25,2026-02-14,1,2026-02-21,wk inc flu hosp,quantile,0.45,70.63229079268105
26,2026-02-14,1,2026-02-21,wk inc flu hosp,quantile,0.45,188.79021432416053
27,2026-02-14,1,2026-02-21,wk inc flu hosp,quantile,0.45,113.5039036854862
28,2026-02-14,1,2026-02-21,wk inc flu hosp,quantile,0.45,150.7198149682364
29,2026-02-14,1,2026-02-21,wk inc flu hosp,quantile,0.45,198.77907209608455
30,2026-02-14,1,2026-02-21,wk inc flu hosp,quantile,0.45,51.51682112344615
31,2026-02-14,1,2026-02-21,wk inc flu hosp,quantile,0.45,95.8428953142591
32,2026-02-14,1,2026-02-21,wk inc flu hosp,quantile,0.45,77.81150815349355
33,2026-02-14,1,2026-02-21,wk inc flu hosp,quantile,0.45,28.838888402605104
34,2026-02-14,1,2026-02-21,wk inc flu hosp,quantile,0.45,129.07233969769942
35,2026-02-14,1,2026-02-21,wk inc flu hosp,quantile,0.45,115.06908442887453
36,2026-02-14,1,2026-02-21,wk inc flu hosp,quantile,0.45,142.32971204898234
37,2026-02-14,1,2026-02-21,wk inc flu hosp,quantile,0.45,241.84411919840466
38,2026-02-14,1,2026-02-21,wk inc flu hosp,quantile,0.45,29.26987972907946
39,2026-02-14,1,2026-02-21,wk inc flu hosp,quantile,0.45,331.71822440652824
40,2026-02-14,1,2026-02-21,wk inc flu hosp,quantile,0.45,141.54769135514738
41,2026-02-14,1,2026-02-21,wk inc flu hosp,quantile,0.45,326.4292158738141
42,2026-02-14,1,2026-02-21,wk inc flu hosp,quantile,0.45,461.96283642100076
44,2026-02-14,1,2026-02-21,wk inc flu hosp,quantile,0.45,13.556129766743759
45,2026-02-14,1,2026-02-21,wk inc flu hosp,quantile,0.45,132.50953294703248
46,2026-02-14,1,2026-02-21,wk inc flu hosp,quantile,0.45,37.34314293193751
47,2026-02-14,1,2026-02-21,wk inc flu hosp,quantile,0.45,230.64164082917173
48,2026-02-14,1,2026-02-21,wk inc flu hosp,quantile,0.45,1027.882836373889
49,2026-02-14,1,2026-02-21,wk inc flu hosp,quantile,0.45,69.75869407169526
50,2026-02-14,1,2026-02-21,wk inc flu hosp,quantile,0.45,17.916037994113402
51,2026-02-14,1,2026-02-21,wk inc flu hosp,quantile,0.45,164.93520070819872
53,2026-02-14,1,2026-02-21,wk inc flu hosp,quantile,0.45,329.4356356765909
54,2026-02-14,1,2026-02-21,wk inc flu hosp,quantile,0.45,97.18440112432785
55,2026-02-14,1,2026-02-21,wk inc flu hosp,quantile,0.45,171.1150841222837
56,2026-02-14,1,2026-02-21,wk inc flu hosp,quantile,0.45,15.570725642060994
72,2026-02-14,1,2026-02-21,wk inc flu hosp,quantile,0.45,130.48757627739505
01,2026-02-14,2,2026-02-28,wk inc flu hosp,quantile,0.45,223.39309420810204
02,2026-02-14,2,2026-02-28,wk inc flu hosp,quantile,0.45,6.031267125076784
04,2026-02-14,2,2026-02-28,wk inc flu hosp,quantile,0.45,287.0932611738567
05,2026-02-14,2,2026-02-28,wk inc flu hosp,quantile,0.45,118.10029296760764
06,2026-02-14,2,2026-02-28,wk inc flu hosp,quantile,0.45,1278.6729421051366
08,2026-02-14,2,2026-02-28,wk inc flu hosp,quantile,0.45,79.6916832190587
09,2026-02-14,2,2026-02-28,wk inc flu hosp,quantile,0.45,24.974403435882824
10,2026-02-14,2,2026-02-28,wk inc flu hosp,quantile,0.45,19.11519958550795
11,2026-02-14,2,2026-02-28,wk inc flu hosp,quantile,0.45,1.9402338479850174
12,2026-02-14,2,2026-02-28,wk inc flu hosp,quantile,0.45,937.5308781795748
13,2026-02-14,2,2026-02-28,wk inc flu hosp,quantile,0.45,217.91064997387963
15,2026-02-14,2,2026-02-28,wk inc flu hosp,quantile,0.45,15.071916156943846
16,2026-02-14,2,2026-02-28,wk inc flu hosp,quantile,0.45,74.65181922493525
17,2026-02-14,2,2026-02-28,wk inc flu hosp,quantile,0.45,266.6343451915315
18,2026-02-14,2,2026-02-28,wk inc flu hosp,quantile,0.45,203.05253337101462
19,2026-02-14,2,2026-02-28,wk inc flu hosp,quantile,0.45,102.2875757735739
20,2026-02-14,2,2026-02-28,wk inc flu hosp,quantile,0.45,111.91351716846866
21,2026-02-14,2,2026-02-28,wk inc flu hosp,quantile,0.45,127.3433573744644
22,2026-02-14,2,2026-02-28,wk inc flu hosp,quantile,0.45,166.96376511470484
23,2026-02-14,2,2026-02-28,wk inc flu hosp,quantile,0.45,29.47481841093594
24,2026-02-14,2,2026-02-28,wk inc flu hosp,quantile,0.45,36.4941355479639
25,2026-02-14,2,2026-02-28,wk inc flu hosp,quantile,0.45,55.22252536996129
26,2026-02-14,2,2026-02-28,wk inc flu hosp,quantile,0.45,157.2688129896161
27,2026-02-14,2,2026-02-28,wk inc flu hosp,quantile,0.45,88.99683199074218
28,2026-02-14,2,2026-02-28,wk inc flu hosp,quantile,0.45,133.02314524852824
29,2026-02-14,2,2026-02-28,wk inc flu hosp,quantile,0.45,158.04998606341798
30,2026-02-14,2,2026-02-28,wk inc flu hosp,quantile,0.45,42.34322175075474
31,2026-02-14,2,2026-02-28,wk inc flu hosp,quantile,0.45,78.20514598863446
32,2026-02-14,2,2026-02-28,wk inc flu hosp,quantile,0.45,66.80167326682994
33,2026-02-14,2,2026-02-28,wk inc flu hosp,quantile,0.45,22.71361740119141
34,2026-02-14,2,2026-02-28,wk inc flu hosp,quantile,0.45,101.9970933135877
35,2026-02-14,2,2026-02-28,wk inc flu hosp,quantile,0.45,94.20726281764738
36,2026-02-14,2,2026-02-28,wk inc flu hosp,quantile,0.45,110.13013849305408
37,2026-02-14,2,2026-02-28,wk inc flu hosp,quantile,0.45,196.437758015456
38,2026-02-14,2,2026-02-28,wk inc flu hosp,quantile,0.45,22.92942856159945
39,2026-02-14,2,2026-02-28,wk inc flu hosp,quantile,0.45,266.425939590366
40,2026-02-14,2,2026-02-28,wk inc flu hosp,quantile,0.45,121.5120114886402
41,2026-02-14,2,2026-02-28,wk inc flu hosp,quantile,0.45,272.99605803382724
42,2026-02-14,2,2026-02-28,wk inc flu hosp,quantile,0.45,372.5763536969775
44,2026-02-14,2,2026-02-28,wk inc flu hosp,quantile,0.45,10.186106449290925
45,2026-02-14,2,2026-02-28,wk inc flu hosp,quantile,0.45,110.63963874317712
46,2026-02-14,2,2026-02-28,wk inc flu hosp,quantile,0.45,29.830297240133536
47,2026-02-14,2,2026-02-28,wk inc flu hosp,quantile,0.45,195.2108317183162
48,2026-02-14,2,2026-02-28,wk inc flu hosp,quantile,0.45,889.4570993280752
49,2026-02-14,2,2026-02-28,wk inc flu hosp,quantile,0.45,56.93154519217609
50,2026-02-14,2,2026-02-28,wk inc flu hosp,quantile,0.45,14.799299909509557
51,2026-02-14,2,2026-02-28,wk inc flu hosp,quantile,0.45,136.50508929844452
53,2026-02-14,2,2026-02-28,wk inc flu hosp,quantile,0.45,284.8916237470378
54,2026-02-14,2,2026-02-28,wk inc flu hosp,quantile,0.45,81.77384221055756
55,2026-02-14,2,2026-02-28,wk inc flu hosp,quantile,0.45,132.9901525222385
56,2026-02-14,2,2026-02-28,wk inc flu hosp,quantile,0.45,13.294596928523088
72,2026-02-14,2,2026-02-28,wk inc flu hosp,quantile,0.45,114.65019718812475
01,2026-02-14,3,2026-03-07,wk inc flu hosp,quantile,0.45,199.22467184800263
02,2026-02-14,3,2026-03-07,wk inc flu hosp,quantile,0.45,5.552547489382869
04,2026-02-14,3,2026-03-07,wk inc flu hosp,quantile,0.45,274.2974303178865
05,2026-02-14,3,2026-03-07,wk inc flu hosp,quantile,0.45,104.11888178487183
06,2026-02-14,3,2026-03-07,wk inc flu hosp,quantile,0.45,1090.0793501520996
08,2026-02-14,3,2026-03-07,wk inc flu hosp,quantile,0.45,72.30784564926896
09,2026-02-14,3,2026-03-07,wk inc flu hosp,quantile,0.45,22.428865171795138
10,2026-02-14,3,2026-03-07,wk inc flu hosp,quantile,0.45,16.154676181127307
11,2026-02-14,3,2026-03-07,wk inc flu hosp,quantile,0.45,1.5310623481487589
12,2026-02-14,3,2026-03-07,wk inc flu hosp,quantile,0.45,822.3332774963732
13,2026-02-14,3,2026-03-07,wk inc flu hosp,quantile,0.45,195.1595299711818
15,2026-02-14,3,2026-03-07,wk inc flu hosp,quantile,0.45,14.006014057009528
16,2026-02-14,3,2026-03-07,wk inc flu hosp,quantile,0.45,66.06696917330193
17,2026-02-14,3,2026-03-07,wk inc flu hosp,quantile,0.45,234.71925243954468
18,2026-02-14,3,2026-03-07,wk inc flu hosp,quantile,0.45,185.33610466364223
19,2026-02-14,3,2026-03-07,wk inc flu hosp,quantile,0.45,86.4406311287418
20,2026-02-14,3,2026-03-07,wk inc flu hosp,quantile,0.45,96.59615962189105
21,2026-02-14,3,2026-03-07,wk inc flu hosp,quantile,0.45,111.6339061172867
22,2026-02-14,3,2026-03-07,wk inc flu hosp,quantile,0.45,143.1200336007753
23,2026-02-14,3,2026-03-07,wk inc flu hosp,quantile,0.45,25.83536189309836
24,2026-02-14,3,2026-03-07,wk inc flu hosp,quantile,0.45,32.228155745093815
25,2026-02-14,3,2026-03-07,wk inc flu hosp,quantile,0.45,50.58876757233816
26,2026-02-14,3,2026-03-07,wk inc flu hosp,quantile,0.45,142.77445025955353
27,2026-02-14,3,2026-03-07,wk inc flu hosp,quantile,0.45,75.92599602965002
28,2026-02-14,3,2026-03-07,wk inc flu hosp,quantile,0.45,121.30902551739966
29,2026-02-14,3,2026-03-07,wk inc flu hosp,quantile,0.45,135.9841556686648
30,2026-02-14,3,2026-03-07,wk inc flu hosp,quantile,0.45,37.38852028643512
31,2026-02-14,3,2026-03-07,wk inc flu hosp,quantile,0.45,67.70301367987771
32,2026-02-14,3,2026-03-07,wk inc flu hosp,quantile,0.45,61.46064194736575
33,2026-02-14,3,2026-03-07,wk inc flu hosp,quantile,0.45,19.007061390491682
34,2026-02-14,3,2026-03-07,wk inc flu hosp,quantile,0.45,93.88414999398348
35,2026-02-14,3,2026-03-07,wk inc flu hosp,quantile,0.45,84.92992750795133
36,2026-02-14,3,2026-03-07,wk inc flu hosp,quantile,0.45,99.05469197579093
37,2026-02-14,3,2026-03-07,wk inc flu hosp,quantile,0.45,173.58230735392416
38,2026-02-14,3,2026-03-07,wk inc flu hosp,quantile,0.45,19.276895430414886
39,2026-02-14,3,2026-03-07,wk inc flu hosp,quantile,0.45,234.77075238589242
40,2026-02-14,3,2026-03-07,wk inc flu hosp,quantile,0.45,109.73229800715153
41,2026-02-14,3,2026-03-07,wk inc flu hosp,quantile,0.45,239.75288258201465
42,2026-02-14,3,2026-03-07,wk inc flu hosp,quantile,0.45,319.6692135850993
44,2026-02-14,3,2026-03-07,wk inc flu hosp,quantile,0.45,8.834182153046003
45,2026-02-14,3,2026-03-07,wk inc flu hosp,quantile,0.45,100.02792160842469
46,2026-02-14,3,2026-03-07,wk inc flu hosp,quantile,0.45,25.279667219490776
47,2026-02-14,3,2026-03-07,wk inc flu hosp,quantile,0.45,176.76359422063211
48,2026-02-14,3,2026-03-07,wk inc flu hosp,quantile,0.45,800.7045629265272
49,2026-02-14,3,2026-03-07,wk inc flu hosp,quantile,0.45,49.86949225259483
50,2026-02-14,3,2026-03-07,wk inc flu hosp,quantile,0.45,12.912146481035787
51,2026-02-14,3,2026-03-07,wk inc flu hosp,quantile,0.45,120.9416231277222
53,2026-02-14,3,2026-03-07,wk inc flu hosp,quantile,0.45,261.60915926556646
54,2026-02-14,3,2026-03-07,wk inc flu hosp,quantile,0.45,69.56908183260518
55,2026-02-14,3,2026-03-07,wk inc flu hosp,quantile,0.45,115.90849740405038
56,2026-02-14,3,2026-03-07,wk inc flu hosp,quantile,0.45,12.169864001789426
72,2026-02-14,3,2026-03-07,wk inc flu hosp,quantile,0.45,106.63910933078859
01,2026-02-14,0,2026-02-14,wk inc flu hosp,quantile,0.5,311.0850634104262
02,2026-02-14,0,2026-02-14,wk inc flu hosp,quantile,0.5,8.796931272737838
04,2026-02-14,0,2026-02-14,wk inc flu hosp,quantile,0.5,325.04692366430567
05,2026-02-14,0,2026-02-14,wk inc flu hosp,quantile,0.5,153.12494077984147
06,2026-02-14,0,2026-02-14,wk inc flu hosp,quantile,0.5,1700.8299130481803
08,2026-02-14,0,2026-02-14,wk inc flu hosp,quantile,0.5,112.0517238470581
09,2026-02-14,0,2026-02-14,wk inc flu hosp,quantile,0.5,42.38039356555635
10,2026-02-14,0,2026-02-14,wk inc flu hosp,quantile,0.5,33.176833886159315
11,2026-02-14,0,2026-02-14,wk inc flu hosp,quantile,0.5,4.034453176055468
12,2026-02-14,0,2026-02-14,wk inc flu hosp,quantile,0.5,1354.0509239435276
13,2026-02-14,0,2026-02-14,wk inc flu hosp,quantile,0.5,303.7885711990498
15,2026-02-14,0,2026-02-14,wk inc flu hosp,quantile,0.5,20.687963134214506
16,2026-02-14,0,2026-02-14,wk inc flu hosp,quantile,0.5,100.53670401527802
17,2026-02-14,0,2026-02-14,wk inc flu hosp,quantile,0.5,403.3690086066696
18,2026-02-14,0,2026-02-14,wk inc flu hosp,quantile,0.5,276.4307350789215
19,2026-02-14,0,2026-02-14,wk inc flu hosp,quantile,0.5,159.3587340536102
20,2026-02-14,0,2026-02-14,wk inc flu hosp,quantile,0.5,167.21978096604045
21,2026-02-14,0,2026-02-14,wk inc flu hosp,quantile,0.5,184.2775385783476
22,2026-02-14,0,2026-02-14,wk inc flu hosp,quantile,0.5,241.44407605690026
23,2026-02-14,0,2026-02-14,wk inc flu hosp,quantile,0.5,45.694300818712684
24,2026-02-14,0,2026-02-14,wk inc flu hosp,quantile,0.5,58.95352597496039
25,2026-02-14,0,2026-02-14,wk inc flu hosp,quantile,0.5,87.27720859747176
26,2026-02-14,0,2026-02-14,wk inc flu hosp,quantile,0.5,225.69977451786463
27,2026-02-14,0,2026-02-14,wk inc flu hosp,quantile,0.5,143.22307183693061
28,2026-02-14,0,2026-02-14,wk inc flu hosp,quantile,0.5,168.4071924192637
29,2026-02-14,0,2026-02-14,wk inc flu hosp,quantile,0.5,245.1325916492144
30,2026-02-14,0,2026-02-14,wk inc flu hosp,quantile,0.5,60.206191457536455
31,2026-02-14,0,2026-02-14,wk inc flu hosp,quantile,0.5,117.7435086758197
32,2026-02-14,0,2026-02-14,wk inc flu hosp,quantile,0.5,83.95775609901617
33,2026-02-14,0,2026-02-14,wk inc flu hosp,quantile,0.5,36.77212763144912
34,2026-02-14,0,2026-02-14,wk inc flu hosp,quantile,0.5,159.75760875863102
35,2026-02-14,0,2026-02-14,wk inc flu hosp,quantile,0.5,134.02631574950993
36,2026-02-14,0,2026-02-14,wk inc flu hosp,quantile,0.5,179.93154673553076
37,2026-02-14,0,2026-02-14,wk inc flu hosp,quantile,0.5,299.9204047849511
38,2026-02-14,0,2026-02-14,wk inc flu hosp,quantile,0.5,36.390031977802366
39,2026-02-14,0,2026-02-14,wk inc flu hosp,quantile,0.5,407.9877499626394
40,2026-02-14,0,2026-02-14,wk inc flu hosp,quantile,0.5,159.49799110975624
41,2026-02-14,0,2026-02-14,wk inc flu hosp,quantile,0.5,372.32329563938737
42,2026-02-14,0,2026-02-14,wk inc flu hosp,quantile,0.5,572.1018909840068
44,2026-02-14,0,2026-02-14,wk inc flu hosp,quantile,0.5,17.90439688189776
45,2026-02-14,0,2026-02-14,wk inc flu hosp,quantile,0.5,159.3394799815818
46,2026-02-14,0,2026-02-14,wk inc flu hosp,quantile,0.5,45.314637231021585
47,2026-02-14,0,2026-02-14,wk inc flu hosp,quantile,0.5,265.8520712791601
48,2026-02-14,0,2026-02-14,wk inc flu hosp,quantile,0.5,1163.4299528214879
49,2026-02-14,0,2026-02-14,wk inc flu hosp,quantile,0.5,82.50135334534679
50,2026-02-14,0,2026-02-14,wk inc flu hosp,quantile,0.5,21.933948709273267
51,2026-02-14,0,2026-02-14,wk inc flu hosp,quantile,0.5,202.5485685421642
53,2026-02-14,0,2026-02-14,wk inc flu hosp,quantile,0.5,372.1228289376963
54,2026-02-14,0,2026-02-14,wk inc flu hosp,quantile,0.5,119.23512346668653
55,2026-02-14,0,2026-02-14,wk inc flu hosp,quantile,0.5,209.0890895900606
56,2026-02-14,0,2026-02-14,wk inc flu hosp,quantile,0.5,17.502958423473466
72,2026-02-14,0,2026-02-14,wk inc flu hosp,quantile,0.5,143.31967050514004
01,2026-02-14,1,2026-02-21,wk inc flu hosp,quantile,0.5,280.77701532661547
02,2026-02-14,1,2026-02-21,wk inc flu hosp,quantile,0.5,8.001059940344497
04,2026-02-14,1,2026-02-21,wk inc flu hosp,quantile,0.5,314.3935244858968
05,2026-02-14,1,2026-02-21,wk inc flu hosp,quantile,0.5,140.82463100008366
06,2026-02-14,1,2026-02-21,wk inc flu hosp,quantile,0.5,1509.3993243464806
08,2026-02-14,1,2026-02-21,wk inc flu hosp,quantile,0.5,100.8240510937653
09,2026-02-14,1,2026-02-21,wk inc flu hosp,quantile,0.5,34.8110742381648
10,2026-02-14,1,2026-02-21,wk inc flu hosp,quantile,0.5,26.989944954340086
11,2026-02-14,1,2026-02-21,wk inc flu hosp,quantile,0.5,3.1510215724900195
12,2026-02-14,1,2026-02-21,wk inc flu hosp,quantile,0.5,1163.633433164082
13,2026-02-14,1,2026-02-21,wk inc flu hosp,quantile,0.5,275.3534239302141
15,2026-02-14,1,2026-02-21,wk inc flu hosp,quantile,0.5,18.89979040284064
16,2026-02-14,1,2026-02-21,wk inc flu hosp,quantile,0.5,90.87675953603828
17,2026-02-14,1,2026-02-21,wk inc flu hosp,quantile,0.5,344.47086890426846
18,2026-02-14,1,2026-02-21,wk inc flu hosp,quantile,0.5,246.91870884509518
19,2026-02-14,1,2026-02-21,wk inc flu hosp,quantile,0.5,134.06874386256027
20,2026-02-14,1,2026-02-21,wk inc flu hosp,quantile,0.5,142.75155114505841
21,2026-02-14,1,2026-02-21,wk inc flu hosp,quantile,0.5,158.92222697524167
22,2026-02-14,1,2026-02-21,wk inc flu hosp,quantile,0.5,208.95556803286675
23,2026-02-14,1,2026-02-21,wk inc flu hosp,quantile,0.5,38.07857526954619
24,2026-02-14,1,2026-02-21,wk inc flu hosp,quantile,0.5,48.01079583501526
25,2026-02-14,1,2026-02-21,wk inc flu hosp,quantile,0.5,73.44239338738477
26,2026-02-14,1,2026-02-21,wk inc flu hosp,quantile,0.5,198.81012437132668
27,2026-02-14,1,2026-02-21,wk inc flu hosp,quantile,0.5,119.4313880405258
28,2026-02-14,1,2026-02-21,wk inc flu hosp,quantile,0.5,156.40298178147418
29,2026-02-14,1,2026-02-21,wk inc flu hosp,quantile,0.5,207.33543660825615
30,2026-02-14,1,2026-02-21,wk inc flu hosp,quantile,0.5,53.42106234617425
31,2026-02-14,1,2026-02-21,wk inc flu hosp,quantile,0.5,99.9684203407411
32,2026-02-14,1,2026-02-21,wk inc flu hosp,quantile,0.5,79.15234917291897
33,2026-02-14,1,2026-02-21,wk inc flu hosp,quantile,0.5,30.01378588391045
34,2026-02-14,1,2026-02-21,wk inc flu hosp,quantile,0.5,132.7632125134096
35,2026-02-14,1,2026-02-21,wk inc flu hosp,quantile,0.5,118.55711143733855
36,2026-02-14,1,2026-02-21,wk inc flu hosp,quantile,0.5,150.23782147143382
37,2026-02-14,1,2026-02-21,wk inc flu hosp,quantile,0.5,252.72610464676782
38,2026-02-14,1,2026-02-21,wk inc flu hosp,quantile,0.5,30.361575264500008
39,2026-02-14,1,2026-02-21,wk inc flu hosp,quantile,0.5,342.875006282028
40,2026-02-14,1,2026-02-21,wk inc flu hosp,quantile,0.5,146.73056495565152
41,2026-02-14,1,2026-02-21,wk inc flu hosp,quantile,0.5,334.62631319414106
42,2026-02-14,1,2026-02-21,wk inc flu hosp,quantile,0.5,475.30068611290693
44,2026-02-14,1,2026-02-21,wk inc flu hosp,quantile,0.5,13.834530227550754
45,2026-02-14,1,2026-02-21,wk inc flu hosp,quantile,0.5,139.60085658552723
46,2026-02-14,1,2026-02-21,wk inc flu hosp,quantile,0.5,38.985051726295396
47,2026-02-14,1,2026-02-21,wk inc flu hosp,quantile,0.5,242.04997682033888
48,2026-02-14,1,2026-02-21,wk inc flu hosp,quantile,0.5,1067.5811255437284
49,2026-02-14,1,2026-02-21,wk inc flu hosp,quantile,0.5,71.4704353069821
50,2026-02-14,1,2026-02-21,wk inc flu hosp,quantile,0.5,18.934684768049316
51,2026-02-14,1,2026-02-21,wk inc flu hosp,quantile,0.5,167.7334845757359
53,2026-02-14,1,2026-02-21,wk inc flu hosp,quantile,0.5,343.98986338980154
54,2026-02-14,1,2026-02-21,wk inc flu hosp,quantile,0.5,102.21772362408824
55,2026-02-14,1,2026-02-21,wk inc flu hosp,quantile,0.5,175.5666680307445
56,2026-02-14,1,2026-02-21,wk inc flu hosp,quantile,0.5,15.888203360309781
72,2026-02-14,1,2026-02-21,wk inc flu hosp,quantile,0.5,134.8523783704018
01,2026-02-14,2,2026-02-28,wk inc flu hosp,quantile,0.5,242.69728733631126
02,2026-02-14,2,2026-02-28,wk inc flu hosp,quantile,0.5,6.635362360718742
04,2026-02-14,2,2026-02-28,wk inc flu hosp,quantile,0.5,292.97643814063497
05,2026-02-14,2,2026-02-28,wk inc flu hosp,quantile,0.5,124.53892628725134
06,2026-02-14,2,2026-02-28,wk inc flu hosp,quantile,0.5,1288.9117358181004
08,2026-02-14,2,2026-02-28,wk inc flu hosp,quantile,0.5,84.74310583652498
09,2026-02-14,2,2026-02-28,wk inc flu hosp,quantile,0.5,27.78828095422564
10,2026-02-14,2,2026-02-28,wk inc flu hosp,quantile,0.5,20.84133577490328
11,2026-02-14,2,2026-02-28,wk inc flu hosp,quantile,0.5,2.2673435731383256
12,2026-02-14,2,2026-02-28,wk inc flu hosp,quantile,0.5,985.2385537376193
13,2026-02-14,2,2026-02-28,wk inc flu hosp,quantile,0.5,235.97466210529834
15,2026-02-14,2,2026-02-28,wk inc flu hosp,quantile,0.5,16.24667334531353
16,2026-02-14,2,2026-02-28,wk inc flu hosp,quantile,0.5,77.7715146857826
17,2026-02-14,2,2026-02-28,wk inc flu hosp,quantile,0.5,281.7989806115954
18,2026-02-14,2,2026-02-28,wk inc flu hosp,quantile,0.5,213.93626247322877
19,2026-02-14,2,2026-02-28,wk inc flu hosp,quantile,0.5,107.56701338527914
20,2026-02-14,2,2026-02-28,wk inc flu hosp,quantile,0.5,115.99902216958075
21,2026-02-14,2,2026-02-28,wk inc flu hosp,quantile,0.5,132.5911802989579
22,2026-02-14,2,2026-02-28,wk inc flu hosp,quantile,0.5,174.39391907123704
23,2026-02-14,2,2026-02-28,wk inc flu hosp,quantile,0.5,31.30608880952894
24,2026-02-14,2,2026-02-28,wk inc flu hosp,quantile,0.5,39.43855590942303
25,2026-02-14,2,2026-02-28,wk inc flu hosp,quantile,0.5,59.222791409939646
26,2026-02-14,2,2026-02-28,wk inc flu hosp,quantile,0.5,171.75132604083535
27,2026-02-14,2,2026-02-28,wk inc flu hosp,quantile,0.5,93.10716846989726
28,2026-02-14,2,2026-02-28,wk inc flu hosp,quantile,0.5,138.63104015886563
29,2026-02-14,2,2026-02-28,wk inc flu hosp,quantile,0.5,167.74689847500684
30,2026-02-14,2,2026-02-28,wk inc flu hosp,quantile,0.5,44.786832368139464
31,2026-02-14,2,2026-02-28,wk inc flu hosp,quantile,0.5,80.27413153303775
32,2026-02-14,2,2026-02-28,wk inc flu hosp,quantile,0.5,68.52961968873724
33,2026-02-14,2,2026-02-28,wk inc flu hosp,quantile,0.5,24.08874903066239
34,2026-02-14,2,2026-02-28,wk inc flu hosp,quantile,0.5,107.39945815720762
35,2026-02-14,2,2026-02-28,wk inc flu hosp,quantile,0.5,101.4807820421733
36,2026-02-14,2,2026-02-28,wk inc flu hosp,quantile,0.5,121.65863787800676
37,2026-02-14,2,2026-02-28,wk inc flu hosp,quantile,0.5,210.93403320160917
38,2026-02-14,2,2026-02-28,wk inc flu hosp,quantile,0.5,24.603908552489543
39,2026-02-14,2,2026-02-28,wk inc flu hosp,quantile,0.5,282.53270620352004
40,2026-02-14,2,2026-02-28,wk inc flu hosp,quantile,0.5,127.71877289875574
41,2026-02-14,2,2026-02-28,wk inc flu hosp,quantile,0.5,278.4702473147892
42,2026-02-14,2,2026-02-28,wk inc flu hosp,quantile,0.5,385.1158768567906
44,2026-02-14,2,2026-02-28,wk inc flu hosp,quantile,0.5,10.972308914820486
45,2026-02-14,2,2026-02-28,wk inc flu hosp,quantile,0.5,117.12491742068828
46,2026-02-14,2,2026-02-28,wk inc flu hosp,quantile,0.5,31.534828875398162
47,2026-02-14,2,2026-02-28,wk inc flu hosp,quantile,0.5,205.56439144356028
48,2026-02-14,2,2026-02-28,wk inc flu hosp,quantile,0.5,935.4784988845256
49,2026-02-14,2,2026-02-28,wk inc flu hosp,quantile,0.5,59.696507151313114
50,2026-02-14,2,2026-02-28,wk inc flu hosp,quantile,0.5,16.01604205152317
51,2026-02-14,2,2026-02-28,wk inc flu hosp,quantile,0.5,140.5895546922194
53,2026-02-14,2,2026-02-28,wk inc flu hosp,quantile,0.5,304.2971467946197
54,2026-02-14,2,2026-02-28,wk inc flu hosp,quantile,0.5,86.04674784448598
55,2026-02-14,2,2026-02-28,wk inc flu hosp,quantile,0.5,140.37771883043956
56,2026-02-14,2,2026-02-28,wk inc flu hosp,quantile,0.5,14.01454154497549
72,2026-02-14,2,2026-02-28,wk inc flu hosp,quantile,0.5,123.57802847001432
01,2026-02-14,3,2026-03-07,wk inc flu hosp,quantile,0.5,216.28044144879155
02,2026-02-14,3,2026-03-07,wk inc flu hosp,quantile,0.5,6.174324431230165
04,2026-02-14,3,2026-03-07,wk inc flu hosp,quantile,0.5,275.9135436043166
05,2026-02-14,3,2026-03-07,wk inc flu hosp,quantile,0.5,109.42879485202651
06,2026-02-14,3,2026-03-07,wk inc flu hosp,quantile,0.5,1123.6576039861181
08,2026-02-14,3,2026-03-07,wk inc flu hosp,quantile,0.5,77.40971904646175
09,2026-02-14,3,2026-03-07,wk inc flu hosp,quantile,0.5,24.167783400501836
10,2026-02-14,3,2026-03-07,wk inc flu hosp,quantile,0.5,17.470588344793864
11,2026-02-14,3,2026-03-07,wk inc flu hosp,quantile,0.5,1.9650710830896776
12,2026-02-14,3,2026-03-07,wk inc flu hosp,quantile,0.5,871.8463803654688
13,2026-02-14,3,2026-03-07,wk inc flu hosp,quantile,0.5,212.39360277253226
15,2026-02-14,3,2026-03-07,wk inc flu hosp,quantile,0.5,15.11649483836163
16,2026-02-14,3,2026-03-07,wk inc flu hosp,quantile,0.5,71.02232387230778
17,2026-02-14,3,2026-03-07,wk inc flu hosp,quantile,0.5,243.33666841732483
18,2026-02-14,3,2026-03-07,wk inc flu hosp,quantile,0.5,191.6744392619866
19,2026-02-14,3,2026-03-07,wk inc flu hosp,quantile,0.5,92.38831536279518
20,2026-02-14,3,2026-03-07,wk inc flu hosp,quantile,0.5,99.92428973708714
21,2026-02-14,3,2026-03-07,wk inc flu hosp,quantile,0.5,117.14599585047829
22,2026-02-14,3,2026-03-07,wk inc flu hosp,quantile,0.5,153.49885714485086
23,2026-02-14,3,2026-03-07,wk inc flu hosp,quantile,0.5,27.328727141479774
24,2026-02-14,3,2026-03-07,wk inc flu hosp,quantile,0.5,34.594616695445566
25,2026-02-14,3,2026-03-07,wk inc flu hosp,quantile,0.5,51.793316386009266
26,2026-02-14,3,2026-03-07,wk inc flu hosp,quantile,0.5,154.49260941411086
27,2026-02-14,3,2026-03-07,wk inc flu hosp,quantile,0.5,80.39146621371913
28,2026-02-14,3,2026-03-07,wk inc flu hosp,quantile,0.5,127.56594315565759
29,2026-02-14,3,2026-03-07,wk inc flu hosp,quantile,0.5,140.05837321508307
30,2026-02-14,3,2026-03-07,wk inc flu hosp,quantile,0.5,39.573907178792034
31,2026-02-14,3,2026-03-07,wk inc flu hosp,quantile,0.5,69.22845695534308
32,2026-02-14,3,2026-03-07,wk inc flu hosp,quantile,0.5,62.5149916907519
33,2026-02-14,3,2026-03-07,wk inc flu hosp,quantile,0.5,20.2008050151815
34,2026-02-14,3,2026-03-07,wk inc flu hosp,quantile,0.5,93.89066547344322
35,2026-02-14,3,2026-03-07,wk inc flu hosp,quantile,0.5,91.56626079628813
36,2026-02-14,3,2026-03-07,wk inc flu hosp,quantile,0.5,106.83207915347553
37,2026-02-14,3,2026-03-07,wk inc flu hosp,quantile,0.5,186.29233173658403
38,2026-02-14,3,2026-03-07,wk inc flu hosp,quantile,0.5,21.442778782825734
39,2026-02-14,3,2026-03-07,wk inc flu hosp,quantile,0.5,245.51890849443805
40,2026-02-14,3,2026-03-07,wk inc flu hosp,quantile,0.5,113.97798545987095
41,2026-02-14,3,2026-03-07,wk inc flu hosp,quantile,0.5,245.09580589925238
42,2026-02-14,3,2026-03-07,wk inc flu hosp,quantile,0.5,335.483031789568
44,2026-02-14,3,2026-03-07,wk inc flu hosp,quantile,0.5,9.250055645891479
45,2026-02-14,3,2026-03-07,wk inc flu hosp,quantile,0.5,104.18746954365263
46,2026-02-14,3,2026-03-07,wk inc flu hosp,quantile,0.5,26.906826008870237
47,2026-02-14,3,2026-03-07,wk inc flu hosp,quantile,0.5,184.67831887229548
48,2026-02-14,3,2026-03-07,wk inc flu hosp,quantile,0.5,846.3162411823911
49,2026-02-14,3,2026-03-07,wk inc flu hosp,quantile,0.5,52.76805026420956
50,2026-02-14,3,2026-03-07,wk inc flu hosp,quantile,0.5,13.91373865648539
51,2026-02-14,3,2026-03-07,wk inc flu hosp,quantile,0.5,122.88298932885681
53,2026-02-14,3,2026-03-07,wk inc flu hosp,quantile,0.5,269.28282560514015
54,2026-02-14,3,2026-03-07,wk inc flu hosp,quantile,0.5,72.88820863714241
55,2026-02-14,3,2026-03-07,wk inc flu hosp,quantile,0.5,122.27234420062676
56,2026-02-14,3,2026-03-07,wk inc flu hosp,quantile,0.5,12.781030546300043
72,2026-02-14,3,2026-03-07,wk inc flu hosp,quantile,0.5,114.74278654065445
01,2026-02-14,0,2026-02-14,wk inc flu hosp,quantile,0.55,315.70081699619703
02,2026-02-14,0,2026-02-14,wk inc flu hosp,quantile,0.55,9.303854814958882
04,2026-02-14,0,2026-02-14,wk inc flu hosp,quantile,0.55,327.610355952058
05,2026-02-14,0,2026-02-14,wk inc flu hosp,quantile,0.55,156.98647119032955
06,2026-02-14,0,2026-02-14,wk inc flu hosp,quantile,0.55,1708.439904951102
08,2026-02-14,0,2026-02-14,wk inc flu hosp,quantile,0.55,116.50725415313359
09,2026-02-14,0,2026-02-14,wk inc flu hosp,quantile,0.55,44.09751713725059
10,2026-02-14,0,2026-02-14,wk inc flu hosp,quantile,0.55,34.07134238707176
11,2026-02-14,0,2026-02-14,wk inc flu hosp,quantile,0.55,4.324562357828848
12,2026-02-14,0,2026-02-14,wk inc flu hosp,quantile,0.55,1367.6145037962644
13,2026-02-14,0,2026-02-14,wk inc flu hosp,quantile,0.55,313.568644578869
15,2026-02-14,0,2026-02-14,wk inc flu hosp,quantile,0.55,21.430014151785024
16,2026-02-14,0,2026-02-14,wk inc flu hosp,quantile,0.55,102.83735733510477
17,2026-02-14,0,2026-02-14,wk inc flu hosp,quantile,0.55,411.5329223630351
18,2026-02-14,0,2026-02-14,wk inc flu hosp,quantile,0.55,284.68199478321395
19,2026-02-14,0,2026-02-14,wk inc flu hosp,quantile,0.55,161.0975396326875
20,2026-02-14,0,2026-02-14,wk inc flu hosp,quantile,0.55,170.0208829751564
21,2026-02-14,0,2026-02-14,wk inc flu hosp,quantile,0.55,188.27298369527017
22,2026-02-14,0,2026-02-14,wk inc flu hosp,quantile,0.55,243.8893410338879
23,2026-02-14,0,2026-02-14,wk inc flu hosp,quantile,0.55,46.94122131703604
24,2026-02-14,0,2026-02-14,wk inc flu hosp,quantile,0.55,60.79188782239339
25,2026-02-14,0,2026-02-14,wk inc flu hosp,quantile,0.55,90.59116360934941
26,2026-02-14,0,2026-02-14,wk inc flu hosp,quantile,0.55,229.35689947512475
27,2026-02-14,0,2026-02-14,wk inc flu hosp,quantile,0.55,146.07646062873724
28,2026-02-14,0,2026-02-14,wk inc flu hosp,quantile,0.55,170.42352498765956
29,2026-02-14,0,2026-02-14,wk inc flu hosp,quantile,0.55,247.19281017409497
30,2026-02-14,0,2026-02-14,wk inc flu hosp,quantile,0.55,61.77068944486211
31,2026-02-14,0,2026-02-14,wk inc flu hosp,quantile,0.55,117.81152528029035
32,2026-02-14,0,2026-02-14,wk inc flu hosp,quantile,0.55,85.73317565963876
33,2026-02-14,0,2026-02-14,wk inc flu hosp,quantile,0.55,38.278380424899225
34,2026-02-14,0,2026-02-14,wk inc flu hosp,quantile,0.55,162.42961639706493
35,2026-02-14,0,2026-02-14,wk inc flu hosp,quantile,0.55,137.21588001883075
36,2026-02-14,0,2026-02-14,wk inc flu hosp,quantile,0.55,190.35470896623295
37,2026-02-14,0,2026-02-14,wk inc flu hosp,quantile,0.55,307.1423012020101
38,2026-02-14,0,2026-02-14,wk inc flu hosp,quantile,0.55,36.764479711898446
39,2026-02-14,0,2026-02-14,wk inc flu hosp,quantile,0.55,415.22621624675475
40,2026-02-14,0,2026-02-14,wk inc flu hosp,quantile,0.55,163.2512467098994
41,2026-02-14,0,2026-02-14,wk inc flu hosp,quantile,0.55,372.7899370634098
42,2026-02-14,0,2026-02-14,wk inc flu hosp,quantile,0.55,580.4480459113771
44,2026-02-14,0,2026-02-14,wk inc flu hosp,quantile,0.55,18.17541914294036
45,2026-02-14,0,2026-02-14,wk inc flu hosp,quantile,0.55,160.51444202467908
46,2026-02-14,0,2026-02-14,wk inc flu hosp,quantile,0.55,45.91237566764576
47,2026-02-14,0,2026-02-14,wk inc flu hosp,quantile,0.55,272.0714328850627
48,2026-02-14,0,2026-02-14,wk inc flu hosp,quantile,0.55,1184.383576817414
49,2026-02-14,0,2026-02-14,wk inc flu hosp,quantile,0.55,84.29542112420465
50,2026-02-14,0,2026-02-14,wk inc flu hosp,quantile,0.55,22.582825972424985
51,2026-02-14,0,2026-02-14,wk inc flu hosp,quantile,0.55,203.0219499978272
53,2026-02-14,0,2026-02-14,wk inc flu hosp,quantile,0.55,378.4868177368344
54,2026-02-14,0,2026-02-14,wk inc flu hosp,quantile,0.55,124.0831762350789
55,2026-02-14,0,2026-02-14,wk inc flu hosp,quantile,0.55,212.0910460983563
56,2026-02-14,0,2026-02-14,wk inc flu hosp,quantile,0.55,18.338631488692396
72,2026-02-14,0,2026-02-14,wk inc flu hosp,quantile,0.55,147.37640384804138
01,2026-02-14,1,2026-02-21,wk inc flu hosp,quantile,0.55,285.7916762536877
02,2026-02-14,1,2026-02-21,wk inc flu hosp,quantile,0.55,8.539063413585007
04,2026-02-14,1,2026-02-21,wk inc flu hosp,quantile,0.55,318.48094205739545
05,2026-02-14,1,2026-02-21,wk inc flu hosp,quantile,0.55,144.92140261595875
06,2026-02-14,1,2026-02-21,wk inc flu hosp,quantile,0.55,1540.7352269810813
08,2026-02-14,1,2026-02-21,wk inc flu hosp,quantile,0.55,106.07797810354518
09,2026-02-14,1,2026-02-21,wk inc flu hosp,quantile,0.55,36.87800061416359
10,2026-02-14,1,2026-02-21,wk inc flu hosp,quantile,0.55,27.281344415186542
11,2026-02-14,1,2026-02-21,wk inc flu hosp,quantile,0.55,3.4073994412862403
12,2026-02-14,1,2026-02-21,wk inc flu hosp,quantile,0.55,1186.8799332701997
13,2026-02-14,1,2026-02-21,wk inc flu hosp,quantile,0.55,280.3373732318828
15,2026-02-14,1,2026-02-21,wk inc flu hosp,quantile,0.55,19.648239936704446
16,2026-02-14,1,2026-02-21,wk inc flu hosp,quantile,0.55,94.23682374446756
17,2026-02-14,1,2026-02-21,wk inc flu hosp,quantile,0.55,350.62982836843213
18,2026-02-14,1,2026-02-21,wk inc flu hosp,quantile,0.55,257.2124574898583
19,2026-02-14,1,2026-02-21,wk inc flu hosp,quantile,0.55,136.19152211721678
20,2026-02-14,1,2026-02-21,wk inc flu hosp,quantile,0.55,146.43980635683167
21,2026-02-14,1,2026-02-21,wk inc flu hosp,quantile,0.55,163.21951994958448
22,2026-02-14,1,2026-02-21,wk inc flu hosp,quantile,0.55,210.59414835468624
23,2026-02-14,1,2026-02-21,wk inc flu hosp,quantile,0.55,39.95606230179212
24,2026-02-14,1,2026-02-21,wk inc flu hosp,quantile,0.55,51.33890557396842
25,2026-02-14,1,2026-02-21,wk inc flu hosp,quantile,0.55,76.91823857525141
26,2026-02-14,1,2026-02-21,wk inc flu hosp,quantile,0.55,207.37286616205319
27,2026-02-14,1,2026-02-21,wk inc flu hosp,quantile,0.55,122.98336440490895
28,2026-02-14,1,2026-02-21,wk inc flu hosp,quantile,0.55,156.94313351459715
29,2026-02-14,1,2026-02-21,wk inc flu hosp,quantile,0.55,210.22095781115155
30,2026-02-14,1,2026-02-21,wk inc flu hosp,quantile,0.55,56.07662505681513
31,2026-02-14,1,2026-02-21,wk inc flu hosp,quantile,0.55,101.28664779313293
32,2026-02-14,1,2026-02-21,wk inc flu hosp,quantile,0.55,81.39816595773218
33,2026-02-14,1,2026-02-21,wk inc flu hosp,quantile,0.55,31.000403281509946
34,2026-02-14,1,2026-02-21,wk inc flu hosp,quantile,0.55,135.1606048267186
35,2026-02-14,1,2026-02-21,wk inc flu hosp,quantile,0.55,123.98967254911946
36,2026-02-14,1,2026-02-21,wk inc flu hosp,quantile,0.55,159.81828938721102
37,2026-02-14,1,2026-02-21,wk inc flu hosp,quantile,0.55,260.0042400027305
38,2026-02-14,1,2026-02-21,wk inc flu hosp,quantile,0.55,31.44863328143276
39,2026-02-14,1,2026-02-21,wk inc flu hosp,quantile,0.55,352.6442277187679
40,2026-02-14,1,2026-02-21,wk inc flu hosp,quantile,0.55,149.8077133038932
41,2026-02-14,1,2026-02-21,wk inc flu hosp,quantile,0.55,339.8543411761592
42,2026-02-14,1,2026-02-21,wk inc flu hosp,quantile,0.55,479.78348364660025
44,2026-02-14,1,2026-02-21,wk inc flu hosp,quantile,0.55,14.830303307772791
45,2026-02-14,1,2026-02-21,wk inc flu hosp,quantile,0.55,143.80898140576406
46,2026-02-14,1,2026-02-21,wk inc flu hosp,quantile,0.55,39.87883410993467
47,2026-02-14,1,2026-02-21,wk inc flu hosp,quantile,0.55,247.7615309317749
48,2026-02-14,1,2026-02-21,wk inc flu hosp,quantile,0.55,1078.4912482843229
49,2026-02-14,1,2026-02-21,wk inc flu hosp,quantile,0.55,74.1074431095893
50,2026-02-14,1,2026-02-21,wk inc flu hosp,quantile,0.55,19.63085512191032
51,2026-02-14,1,2026-02-21,wk inc flu hosp,quantile,0.55,169.22490531401212
53,2026-02-14,1,2026-02-21,wk inc flu hosp,quantile,0.55,354.01716471135603
54,2026-02-14,1,2026-02-21,wk inc flu hosp,quantile,0.55,105.14144171584016
55,2026-02-14,1,2026-02-21,wk inc flu hosp,quantile,0.55,179.03756295581337
56,2026-02-14,1,2026-02-21,wk inc flu hosp,quantile,0.55,16.90319547300727
72,2026-02-14,1,2026-02-21,wk inc flu hosp,quantile,0.55,141.46329328780567
01,2026-02-14,2,2026-02-28,wk inc flu hosp,quantile,0.55,247.8551491996562
02,2026-02-14,2,2026-02-28,wk inc flu hosp,quantile,0.55,7.35098324134656
04,2026-02-14,2,2026-02-28,wk inc flu hosp,quantile,0.55,297.488381538146
05,2026-02-14,2,2026-02-28,wk inc flu hosp,quantile,0.55,128.6387814022081
06,2026-02-14,2,2026-02-28,wk inc flu hosp,quantile,0.55,1318.8605050893507
08,2026-02-14,2,2026-02-28,wk inc flu hosp,quantile,0.55,90.5801217272577
09,2026-02-14,2,2026-02-28,wk inc flu hosp,quantile,0.55,29.719350509998716
10,2026-02-14,2,2026-02-28,wk inc flu hosp,quantile,0.55,21.711827443836466
11,2026-02-14,2,2026-02-28,wk inc flu hosp,quantile,0.55,2.6867049389849735
12,2026-02-14,2,2026-02-28,wk inc flu hosp,quantile,0.55,1010.3220481359808
13,2026-02-14,2,2026-02-28,wk inc flu hosp,quantile,0.55,243.94105656825758
15,2026-02-14,2,2026-02-28,wk inc flu hosp,quantile,0.55,17.49394150667287
16,2026-02-14,2,2026-02-28,wk inc flu hosp,quantile,0.55,82.05743823617281
17,2026-02-14,2,2026-02-28,wk inc flu hosp,quantile,0.55,296.59228817381717
18,2026-02-14,2,2026-02-28,wk inc flu hosp,quantile,0.55,225.8629506724067
19,2026-02-14,2,2026-02-28,wk inc flu hosp,quantile,0.55,111.4614157257707
20,2026-02-14,2,2026-02-28,wk inc flu hosp,quantile,0.55,118.38087185604785
21,2026-02-14,2,2026-02-28,wk inc flu hosp,quantile,0.55,139.41857913316048
22,2026-02-14,2,2026-02-28,wk inc flu hosp,quantile,0.55,178.5345379035461
23,2026-02-14,2,2026-02-28,wk inc flu hosp,quantile,0.55,33.059984585447665
24,2026-02-14,2,2026-02-28,wk inc flu hosp,quantile,0.55,42.25323433380656
25,2026-02-14,2,2026-02-28,wk inc flu hosp,quantile,0.55,63.80658951979744
26,2026-02-14,2,2026-02-28,wk inc flu hosp,quantile,0.55,178.55350798038978
27,2026-02-14,2,2026-02-28,wk inc flu hosp,quantile,0.55,98.99297370856756
28,2026-02-14,2,2026-02-28,wk inc flu hosp,quantile,0.55,142.38688453312378
29,2026-02-14,2,2026-02-28,wk inc flu hosp,quantile,0.55,174.0471778970354
30,2026-02-14,2,2026-02-28,wk inc flu hosp,quantile,0.55,47.62079729385371
31,2026-02-14,2,2026-02-28,wk inc flu hosp,quantile,0.55,82.4419242569024
32,2026-02-14,2,2026-02-28,wk inc flu hosp,quantile,0.55,73.08285792622063
33,2026-02-14,2,2026-02-28,wk inc flu hosp,quantile,0.55,25.074515427350555
34,2026-02-14,2,2026-02-28,wk inc flu hosp,quantile,0.55,111.61326796600835
35,2026-02-14,2,2026-02-28,wk inc flu hosp,quantile,0.55,104.55300924926746
36,2026-02-14,2,2026-02-28,wk inc flu hosp,quantile,0.55,133.54461083243444
37,2026-02-14,2,2026-02-28,wk inc flu hosp,quantile,0.55,216.0505042370703
38,2026-02-14,2,2026-02-28,wk inc flu hosp,quantile,0.55,25.011204178796326
39,2026-02-14,2,2026-02-28,wk inc flu hosp,quantile,0.55,297.6238624843069
40,2026-02-14,2,2026-02-28,wk inc flu hosp,quantile,0.55,134.6932125867208
41,2026-02-14,2,2026-02-28,wk inc flu hosp,quantile,0.55,287.22851818868054
42,2026-02-14,2,2026-02-28,wk inc flu hosp,quantile,0.55,401.14982410695666
44,2026-02-14,2,2026-02-28,wk inc flu hosp,quantile,0.55,11.478509946345692
45,2026-02-14,2,2026-02-28,wk inc flu hosp,quantile,0.55,120.98234436874121
46,2026-02-14,2,2026-02-28,wk inc flu hosp,quantile,0.55,32.139639501625496
47,2026-02-14,2,2026-02-28,wk inc flu hosp,quantile,0.55,215.5890013711875
48,2026-02-14,2,2026-02-28,wk inc flu hosp,quantile,0.55,956.0158661624404
49,2026-02-14,2,2026-02-28,wk inc flu hosp,quantile,0.55,62.50098696209042
50,2026-02-14,2,2026-02-28,wk inc flu hosp,quantile,0.55,16.85957639093643
51,2026-02-14,2,2026-02-28,wk inc flu hosp,quantile,0.55,143.83246760448986
53,2026-02-14,2,2026-02-28,wk inc flu hosp,quantile,0.55,317.39539466878705
54,2026-02-14,2,2026-02-28,wk inc flu hosp,quantile,0.55,87.22023648642843
55,2026-02-14,2,2026-02-28,wk inc flu hosp,quantile,0.55,146.5438439875677
56,2026-02-14,2,2026-02-28,wk inc flu hosp,quantile,0.55,14.706084679258263
72,2026-02-14,2,2026-02-28,wk inc flu hosp,quantile,0.55,130.07734717985096
01,2026-02-14,3,2026-03-07,wk inc flu hosp,quantile,0.55,219.89988617887826
02,2026-02-14,3,2026-03-07,wk inc flu hosp,quantile,0.55,6.830183386313422
04,2026-02-14,3,2026-03-07,wk inc flu hosp,quantile,0.55,276.78818231785647
05,2026-02-14,3,2026-03-07,wk inc flu hosp,quantile,0.55,115.84604650424603
06,2026-02-14,3,2026-03-07,wk inc flu hosp,quantile,0.55,1172.0012465465088
08,2026-02-14,3,2026-03-07,wk inc flu hosp,quantile,0.55,82.26221932207372
09,2026-02-14,3,2026-03-07,wk inc flu hosp,quantile,0.55,26.060074744711066
10,2026-02-14,3,2026-03-07,wk inc flu hosp,quantile,0.55,17.98941835277641
11,2026-02-14,3,2026-03-07,wk inc flu hosp,quantile,0.55,2.33935329522207
12,2026-02-14,3,2026-03-07,wk inc flu hosp,quantile,0.55,881.713413174631
13,2026-02-14,3,2026-03-07,wk inc flu hosp,quantile,0.55,213.73214070604385
15,2026-02-14,3,2026-03-07,wk inc flu hosp,quantile,0.55,16.250586375254343
16,2026-02-14,3,2026-03-07,wk inc flu hosp,quantile,0.55,73.25719018506139
17,2026-02-14,3,2026-03-07,wk inc flu hosp,quantile,0.55,259.89547591555066
18,2026-02-14,3,2026-03-07,wk inc flu hosp,quantile,0.55,202.8515876200812
19,2026-02-14,3,2026-03-07,wk inc flu hosp,quantile,0.55,94.87434268267619
20,2026-02-14,3,2026-03-07,wk inc flu hosp,quantile,0.55,103.87854205100402
21,2026-02-14,3,2026-03-07,wk inc flu hosp,quantile,0.55,122.04044632524005
22,2026-02-14,3,2026-03-07,wk inc flu hosp,quantile,0.55,155.9331195449947
23,2026-02-14,3,2026-03-07,wk inc flu hosp,quantile,0.55,28.933618028800208
24,2026-02-14,3,2026-03-07,wk inc flu hosp,quantile,0.55,37.750728951036656
25,2026-02-14,3,2026-03-07,wk inc flu hosp,quantile,0.55,56.35547336857125
26,2026-02-14,3,2026-03-07,wk inc flu hosp,quantile,0.55,163.01436884836826
27,2026-02-14,3,2026-03-07,wk inc flu hosp,quantile,0.55,85.08669396548643
28,2026-02-14,3,2026-03-07,wk inc flu hosp,quantile,0.55,130.10123421803962
29,2026-02-14,3,2026-03-07,wk inc flu hosp,quantile,0.55,147.27773395844412
30,2026-02-14,3,2026-03-07,wk inc flu hosp,quantile,0.55,42.004797453150985
31,2026-02-14,3,2026-03-07,wk inc flu hosp,quantile,0.55,72.62102407277708
32,2026-02-14,3,2026-03-07,wk inc flu hosp,quantile,0.55,66.18042037370176
33,2026-02-14,3,2026-03-07,wk inc flu hosp,quantile,0.55,21.78838250958895
34,2026-02-14,3,2026-03-07,wk inc flu hosp,quantile,0.55,100.0947559995859
35,2026-02-14,3,2026-03-07,wk inc flu hosp,quantile,0.55,94.19556561256468
36,2026-02-14,3,2026-03-07,wk inc flu hosp,quantile,0.55,119.60696795980189
37,2026-02-14,3,2026-03-07,wk inc flu hosp,quantile,0.55,190.592609557883
38,2026-02-14,3,2026-03-07,wk inc flu hosp,quantile,0.55,21.954449090164687
39,2026-02-14,3,2026-03-07,wk inc flu hosp,quantile,0.55,257.7096574908732
40,2026-02-14,3,2026-03-07,wk inc flu hosp,quantile,0.55,116.14011511585336
41,2026-02-14,3,2026-03-07,wk inc flu hosp,quantile,0.55,257.19333837491246
42,2026-02-14,3,2026-03-07,wk inc flu hosp,quantile,0.55,346.88614128008135
44,2026-02-14,3,2026-03-07,wk inc flu hosp,quantile,0.55,9.907231595314858
45,2026-02-14,3,2026-03-07,wk inc flu hosp,quantile,0.55,107.67998670951027
46,2026-02-14,3,2026-03-07,wk inc flu hosp,quantile,0.55,27.860677024636686
47,2026-02-14,3,2026-03-07,wk inc flu hosp,quantile,0.55,191.64536064248006
48,2026-02-14,3,2026-03-07,wk inc flu hosp,quantile,0.55,858.5155720466646
49,2026-02-14,3,2026-03-07,wk inc flu hosp,quantile,0.55,55.44666213670555
50,2026-02-14,3,2026-03-07,wk inc flu hosp,quantile,0.55,14.755789408345192
51,2026-02-14,3,2026-03-07,wk inc flu hosp,quantile,0.55,127.33431746294406
53,2026-02-14,3,2026-03-07,wk inc flu hosp,quantile,0.55,280.2506927049966
54,2026-02-14,3,2026-03-07,wk inc flu hosp,quantile,0.55,75.74649335214346
55,2026-02-14,3,2026-03-07,wk inc flu hosp,quantile,0.55,127.92842546126208
56,2026-02-14,3,2026-03-07,wk inc flu hosp,quantile,0.55,13.412435970119985
72,2026-02-14,3,2026-03-07,wk inc flu hosp,quantile,0.55,123.71079067727833
01,2026-02-14,0,2026-02-14,wk inc flu hosp,quantile,0.6,323.82190990220187
02,2026-02-14,0,2026-02-14,wk inc flu hosp,quantile,0.6,9.86358101139039
04,2026-02-14,0,2026-02-14,wk inc flu hosp,quantile,0.6,328.1089738304765
05,2026-02-14,0,2026-02-14,wk inc flu hosp,quantile,0.6,159.49033728663917
06,2026-02-14,0,2026-02-14,wk inc flu hosp,quantile,0.6,1735.2462822105413
08,2026-02-14,0,2026-02-14,wk inc flu hosp,quantile,0.6,117.84788040714271
09,2026-02-14,0,2026-02-14,wk inc flu hosp,quantile,0.6,45.84185441422
10,2026-02-14,0,2026-02-14,wk inc flu hosp,quantile,0.6,35.57219300880873
11,2026-02-14,0,2026-02-14,wk inc flu hosp,quantile,0.6,4.764868031034298
12,2026-02-14,0,2026-02-14,wk inc flu hosp,quantile,0.6,1373.7866218188362
13,2026-02-14,0,2026-02-14,wk inc flu hosp,quantile,0.6,320.7845570805405
15,2026-02-14,0,2026-02-14,wk inc flu hosp,quantile,0.6,22.56386271773455
16,2026-02-14,0,2026-02-14,wk inc flu hosp,quantile,0.6,105.83199332937872
17,2026-02-14,0,2026-02-14,wk inc flu hosp,quantile,0.6,421.6531390768146
18,2026-02-14,0,2026-02-14,wk inc flu hosp,quantile,0.6,289.53204598380614
19,2026-02-14,0,2026-02-14,wk inc flu hosp,quantile,0.6,165.51767819344298
20,2026-02-14,0,2026-02-14,wk inc flu hosp,quantile,0.6,171.97451478844528
21,2026-02-14,0,2026-02-14,wk inc flu hosp,quantile,0.6,191.93232743098127
22,2026-02-14,0,2026-02-14,wk inc flu hosp,quantile,0.6,247.38434615113803
23,2026-02-14,0,2026-02-14,wk inc flu hosp,quantile,0.6,48.17824438864045
24,2026-02-14,0,2026-02-14,wk inc flu hosp,quantile,0.6,63.272403644563994
25,2026-02-14,0,2026-02-14,wk inc flu hosp,quantile,0.6,94.01036360116852
26,2026-02-14,0,2026-02-14,wk inc flu hosp,quantile,0.6,232.35958193727055
27,2026-02-14,0,2026-02-14,wk inc flu hosp,quantile,0.6,149.1165848087099
28,2026-02-14,0,2026-02-14,wk inc flu hosp,quantile,0.6,174.56939835245953
29,2026-02-14,0,2026-02-14,wk inc flu hosp,quantile,0.6,255.48692551584494
30,2026-02-14,0,2026-02-14,wk inc flu hosp,quantile,0.6,63.32691062900642
31,2026-02-14,0,2026-02-14,wk inc flu hosp,quantile,0.6,119.20288378268678
32,2026-02-14,0,2026-02-14,wk inc flu hosp,quantile,0.6,89.17810431473764
33,2026-02-14,0,2026-02-14,wk inc flu hosp,quantile,0.6,39.159808298551496
34,2026-02-14,0,2026-02-14,wk inc flu hosp,quantile,0.6,168.20079911260254
35,2026-02-14,0,2026-02-14,wk inc flu hosp,quantile,0.6,139.37487703829524
36,2026-02-14,0,2026-02-14,wk inc flu hosp,quantile,0.6,194.38970056346673
37,2026-02-14,0,2026-02-14,wk inc flu hosp,quantile,0.6,313.4291304019796
38,2026-02-14,0,2026-02-14,wk inc flu hosp,quantile,0.6,38.33320609927695
39,2026-02-14,0,2026-02-14,wk inc flu hosp,quantile,0.6,428.8660914464923
40,2026-02-14,0,2026-02-14,wk inc flu hosp,quantile,0.6,166.83985491711832
41,2026-02-14,0,2026-02-14,wk inc flu hosp,quantile,0.6,376.8065322310862
42,2026-02-14,0,2026-02-14,wk inc flu hosp,quantile,0.6,589.6131517761096
44,2026-02-14,0,2026-02-14,wk inc flu hosp,quantile,0.6,19.344110766291866
45,2026-02-14,0,2026-02-14,wk inc flu hosp,quantile,0.6,164.9356981337754
46,2026-02-14,0,2026-02-14,wk inc flu hosp,quantile,0.6,47.38043715605836
47,2026-02-14,0,2026-02-14,wk inc flu hosp,quantile,0.6,277.4942760717963
48,2026-02-14,0,2026-02-14,wk inc flu hosp,quantile,0.6,1192.1121051526584
49,2026-02-14,0,2026-02-14,wk inc flu hosp,quantile,0.6,85.58517291779458
50,2026-02-14,0,2026-02-14,wk inc flu hosp,quantile,0.6,23.258782774883578
51,2026-02-14,0,2026-02-14,wk inc flu hosp,quantile,0.6,208.14598539451708
53,2026-02-14,0,2026-02-14,wk inc flu hosp,quantile,0.6,388.0981700809301
54,2026-02-14,0,2026-02-14,wk inc flu hosp,quantile,0.6,127.36814912841041
55,2026-02-14,0,2026-02-14,wk inc flu hosp,quantile,0.6,217.2011758744974
56,2026-02-14,0,2026-02-14,wk inc flu hosp,quantile,0.6,18.841591304166535
72,2026-02-14,0,2026-02-14,wk inc flu hosp,quantile,0.6,152.8007109362625
01,2026-02-14,1,2026-02-21,wk inc flu hosp,quantile,0.6,299.72074754361716
02,2026-02-14,1,2026-02-21,wk inc flu hosp,quantile,0.6,9.111137163378311
04,2026-02-14,1,2026-02-21,wk inc flu hosp,quantile,0.6,324.62491727051264
05,2026-02-14,1,2026-02-21,wk inc flu hosp,quantile,0.6,147.55137901566715
06,2026-02-14,1,2026-02-21,wk inc flu hosp,quantile,0.6,1595.709092536366
08,2026-02-14,1,2026-02-21,wk inc flu hosp,quantile,0.6,110.03248944817265
09,2026-02-14,1,2026-02-21,wk inc flu hosp,quantile,0.6,39.32741546368761
10,2026-02-14,1,2026-02-21,wk inc flu hosp,quantile,0.6,28.973892100296172
11,2026-02-14,1,2026-02-21,wk inc flu hosp,quantile,0.6,3.826918570778219
12,2026-02-14,1,2026-02-21,wk inc flu hosp,quantile,0.6,1213.9414364448346
13,2026-02-14,1,2026-02-21,wk inc flu hosp,quantile,0.6,287.89231468480887
15,2026-02-14,1,2026-02-21,wk inc flu hosp,quantile,0.6,20.99028856542232
16,2026-02-14,1,2026-02-21,wk inc flu hosp,quantile,0.6,97.00197407018501
17,2026-02-14,1,2026-02-21,wk inc flu hosp,quantile,0.6,357.2271318612007
18,2026-02-14,1,2026-02-21,wk inc flu hosp,quantile,0.6,262.88364512942513
19,2026-02-14,1,2026-02-21,wk inc flu hosp,quantile,0.6,140.962392503992
20,2026-02-14,1,2026-02-21,wk inc flu hosp,quantile,0.6,149.5222006543006
21,2026-02-14,1,2026-02-21,wk inc flu hosp,quantile,0.6,167.4935970064528
22,2026-02-14,1,2026-02-21,wk inc flu hosp,quantile,0.6,217.84714804076503
23,2026-02-14,1,2026-02-21,wk inc flu hosp,quantile,0.6,41.8227808102104
24,2026-02-14,1,2026-02-21,wk inc flu hosp,quantile,0.6,53.11594911499679
25,2026-02-14,1,2026-02-21,wk inc flu hosp,quantile,0.6,80.01534053380219
26,2026-02-14,1,2026-02-21,wk inc flu hosp,quantile,0.6,211.38224183630518
27,2026-02-14,1,2026-02-21,wk inc flu hosp,quantile,0.6,126.11120968204199
28,2026-02-14,1,2026-02-21,wk inc flu hosp,quantile,0.6,165.07224978542183
29,2026-02-14,1,2026-02-21,wk inc flu hosp,quantile,0.6,217.6103412539936
30,2026-02-14,1,2026-02-21,wk inc flu hosp,quantile,0.6,58.59064527194504
31,2026-02-14,1,2026-02-21,wk inc flu hosp,quantile,0.6,104.6521962252418
32,2026-02-14,1,2026-02-21,wk inc flu hosp,quantile,0.6,85.42766540087241
33,2026-02-14,1,2026-02-21,wk inc flu hosp,quantile,0.6,32.33390049915648
34,2026-02-14,1,2026-02-21,wk inc flu hosp,quantile,0.6,140.12892476494022
35,2026-02-14,1,2026-02-21,wk inc flu hosp,quantile,0.6,125.26231756258896
36,2026-02-14,1,2026-02-21,wk inc flu hosp,quantile,0.6,172.88630210490822
37,2026-02-14,1,2026-02-21,wk inc flu hosp,quantile,0.6,271.3318195108188
38,2026-02-14,1,2026-02-21,wk inc flu hosp,quantile,0.6,32.957844584129134
39,2026-02-14,1,2026-02-21,wk inc flu hosp,quantile,0.6,360.909588444201
40,2026-02-14,1,2026-02-21,wk inc flu hosp,quantile,0.6,155.9890014323084
41,2026-02-14,1,2026-02-21,wk inc flu hosp,quantile,0.6,353.7720061952251
42,2026-02-14,1,2026-02-21,wk inc flu hosp,quantile,0.6,495.3768926963321
44,2026-02-14,1,2026-02-21,wk inc flu hosp,quantile,0.6,15.719685450715746
45,2026-02-14,1,2026-02-21,wk inc flu hosp,quantile,0.6,147.46582815888337
46,2026-02-14,1,2026-02-21,wk inc flu hosp,quantile,0.6,41.40254094588166
47,2026-02-14,1,2026-02-21,wk inc flu hosp,quantile,0.6,253.91552244357138
48,2026-02-14,1,2026-02-21,wk inc flu hosp,quantile,0.6,1102.7606462186382
49,2026-02-14,1,2026-02-21,wk inc flu hosp,quantile,0.6,77.24881643954112
50,2026-02-14,1,2026-02-21,wk inc flu hosp,quantile,0.6,20.458313112632794
51,2026-02-14,1,2026-02-21,wk inc flu hosp,quantile,0.6,177.2154710673346
53,2026-02-14,1,2026-02-21,wk inc flu hosp,quantile,0.6,368.57722904737415
54,2026-02-14,1,2026-02-21,wk inc flu hosp,quantile,0.6,108.84343684695618
55,2026-02-14,1,2026-02-21,wk inc flu hosp,quantile,0.6,184.56101476196758
56,2026-02-14,1,2026-02-21,wk inc flu hosp,quantile,0.6,17.756824844836974
72,2026-02-14,1,2026-02-21,wk inc flu hosp,quantile,0.6,146.87845857959536
01,2026-02-14,2,2026-02-28,wk inc flu hosp,quantile,0.6,265.1542549522203
02,2026-02-14,2,2026-02-28,wk inc flu hosp,quantile,0.6,7.947361891992074
04,2026-02-14,2,2026-02-28,wk inc flu hosp,quantile,0.6,309.05697864653985
05,2026-02-14,2,2026-02-28,wk inc flu hosp,quantile,0.6,135.11113129478505
06,2026-02-14,2,2026-02-28,wk inc flu hosp,quantile,0.6,1384.9567544589408
08,2026-02-14,2,2026-02-28,wk inc flu hosp,quantile,0.6,95.39661124651829
09,2026-02-14,2,2026-02-28,wk inc flu hosp,quantile,0.6,32.919969281626145
10,2026-02-14,2,2026-02-28,wk inc flu hosp,quantile,0.6,23.638265674349014
11,2026-02-14,2,2026-02-28,wk inc flu hosp,quantile,0.6,3.1858738788680476
12,2026-02-14,2,2026-02-28,wk inc flu hosp,quantile,0.6,1056.8456538210594
13,2026-02-14,2,2026-02-28,wk inc flu hosp,quantile,0.6,255.35557301768418
15,2026-02-14,2,2026-02-28,wk inc flu hosp,quantile,0.6,18.590585747582264
16,2026-02-14,2,2026-02-28,wk inc flu hosp,quantile,0.6,88.02935717404215
17,2026-02-14,2,2026-02-28,wk inc flu hosp,quantile,0.6,303.61720370465446
18,2026-02-14,2,2026-02-28,wk inc flu hosp,quantile,0.6,238.18364566618976
19,2026-02-14,2,2026-02-28,wk inc flu hosp,quantile,0.6,117.63185545508327
20,2026-02-14,2,2026-02-28,wk inc flu hosp,quantile,0.6,124.38732826747943
21,2026-02-14,2,2026-02-28,wk inc flu hosp,quantile,0.6,146.09286597181423
22,2026-02-14,2,2026-02-28,wk inc flu hosp,quantile,0.6,186.62583726327765
23,2026-02-14,2,2026-02-28,wk inc flu hosp,quantile,0.6,35.58011551707313
24,2026-02-14,2,2026-02-28,wk inc flu hosp,quantile,0.6,45.896237485088676
25,2026-02-14,2,2026-02-28,wk inc flu hosp,quantile,0.6,67.70946722585222
26,2026-02-14,2,2026-02-28,wk inc flu hosp,quantile,0.6,189.28005019935202
27,2026-02-14,2,2026-02-28,wk inc flu hosp,quantile,0.6,104.12215458487091
28,2026-02-14,2,2026-02-28,wk inc flu hosp,quantile,0.6,153.4038883863791
29,2026-02-14,2,2026-02-28,wk inc flu hosp,quantile,0.6,183.97950436745614
30,2026-02-14,2,2026-02-28,wk inc flu hosp,quantile,0.6,50.97264084570928
31,2026-02-14,2,2026-02-28,wk inc flu hosp,quantile,0.6,85.91555367083664
32,2026-02-14,2,2026-02-28,wk inc flu hosp,quantile,0.6,78.64206440448763
33,2026-02-14,2,2026-02-28,wk inc flu hosp,quantile,0.6,27.148510981668835
34,2026-02-14,2,2026-02-28,wk inc flu hosp,quantile,0.6,121.5865077663748
35,2026-02-14,2,2026-02-28,wk inc flu hosp,quantile,0.6,107.90042391357197
36,2026-02-14,2,2026-02-28,wk inc flu hosp,quantile,0.6,145.19504476345395
37,2026-02-14,2,2026-02-28,wk inc flu hosp,quantile,0.6,231.08513282093716
38,2026-02-14,2,2026-02-28,wk inc flu hosp,quantile,0.6,27.531412478773017
39,2026-02-14,2,2026-02-28,wk inc flu hosp,quantile,0.6,312.24849648141975
40,2026-02-14,2,2026-02-28,wk inc flu hosp,quantile,0.6,139.52701581330328
41,2026-02-14,2,2026-02-28,wk inc flu hosp,quantile,0.6,301.3552732603005
42,2026-02-14,2,2026-02-28,wk inc flu hosp,quantile,0.6,420.064298923282
44,2026-02-14,2,2026-02-28,wk inc flu hosp,quantile,0.6,12.909293899977063
45,2026-02-14,2,2026-02-28,wk inc flu hosp,quantile,0.6,128.79445802356994
46,2026-02-14,2,2026-02-28,wk inc flu hosp,quantile,0.6,34.17443108987472
47,2026-02-14,2,2026-02-28,wk inc flu hosp,quantile,0.6,226.36682934909325
48,2026-02-14,2,2026-02-28,wk inc flu hosp,quantile,0.6,992.9972531555185
49,2026-02-14,2,2026-02-28,wk inc flu hosp,quantile,0.6,67.04040913279792
50,2026-02-14,2,2026-02-28,wk inc flu hosp,quantile,0.6,18.009555088563566
51,2026-02-14,2,2026-02-28,wk inc flu hosp,quantile,0.6,153.6785941322481
53,2026-02-14,2,2026-02-28,wk inc flu hosp,quantile,0.6,327.2934250348641
54,2026-02-14,2,2026-02-28,wk inc flu hosp,quantile,0.6,94.72502227592601
55,2026-02-14,2,2026-02-28,wk inc flu hosp,quantile,0.6,155.81224476565652
56,2026-02-14,2,2026-02-28,wk inc flu hosp,quantile,0.6,16.242986589118974
72,2026-02-14,2,2026-02-28,wk inc flu hosp,quantile,0.6,135.20207922612494
01,2026-02-14,3,2026-03-07,wk inc flu hosp,quantile,0.6,238.56134275155662
02,2026-02-14,3,2026-03-07,wk inc flu hosp,quantile,0.6,7.577611064023038
04,2026-02-14,3,2026-03-07,wk inc flu hosp,quantile,0.6,292.0632307718329
05,2026-02-14,3,2026-03-07,wk inc flu hosp,quantile,0.6,121.7672098227671
06,2026-02-14,3,2026-03-07,wk inc flu hosp,quantile,0.6,1228.2242877353171
08,2026-02-14,3,2026-03-07,wk inc flu hosp,quantile,0.6,87.98180377683978
09,2026-02-14,3,2026-03-07,wk inc flu hosp,quantile,0.6,30.497342948034266
10,2026-02-14,3,2026-03-07,wk inc flu hosp,quantile,0.6,20.149412014821745
11,2026-02-14,3,2026-03-07,wk inc flu hosp,quantile,0.6,2.813665243938089
12,2026-02-14,3,2026-03-07,wk inc flu hosp,quantile,0.6,943.135669310319
13,2026-02-14,3,2026-03-07,wk inc flu hosp,quantile,0.6,231.23383674554634
15,2026-02-14,3,2026-03-07,wk inc flu hosp,quantile,0.6,17.990594923112702
16,2026-02-14,3,2026-03-07,wk inc flu hosp,quantile,0.6,79.78938363386617
17,2026-02-14,3,2026-03-07,wk inc flu hosp,quantile,0.6,274.2029059195011
18,2026-02-14,3,2026-03-07,wk inc flu hosp,quantile,0.6,214.9833787819733
19,2026-02-14,3,2026-03-07,wk inc flu hosp,quantile,0.6,101.86358971993339
20,2026-02-14,3,2026-03-07,wk inc flu hosp,quantile,0.6,110.09817375873992
21,2026-02-14,3,2026-03-07,wk inc flu hosp,quantile,0.6,132.16263448628408
22,2026-02-14,3,2026-03-07,wk inc flu hosp,quantile,0.6,167.59036229199552
23,2026-02-14,3,2026-03-07,wk inc flu hosp,quantile,0.6,32.2880080691598
24,2026-02-14,3,2026-03-07,wk inc flu hosp,quantile,0.6,42.05562570744065
25,2026-02-14,3,2026-03-07,wk inc flu hosp,quantile,0.6,60.117918904262375
26,2026-02-14,3,2026-03-07,wk inc flu hosp,quantile,0.6,173.10113179430903
27,2026-02-14,3,2026-03-07,wk inc flu hosp,quantile,0.6,92.31458757751311
28,2026-02-14,3,2026-03-07,wk inc flu hosp,quantile,0.6,138.634009870988
29,2026-02-14,3,2026-03-07,wk inc flu hosp,quantile,0.6,164.35961004416214
30,2026-02-14,3,2026-03-07,wk inc flu hosp,quantile,0.6,47.150924932867746
31,2026-02-14,3,2026-03-07,wk inc flu hosp,quantile,0.6,75.85681868281401
32,2026-02-14,3,2026-03-07,wk inc flu hosp,quantile,0.6,72.31714800119951
33,2026-02-14,3,2026-03-07,wk inc flu hosp,quantile,0.6,23.596492382786856
34,2026-02-14,3,2026-03-07,wk inc flu hosp,quantile,0.6,106.88736772058749
35,2026-02-14,3,2026-03-07,wk inc flu hosp,quantile,0.6,98.15501297398953
36,2026-02-14,3,2026-03-07,wk inc flu hosp,quantile,0.6,132.54994020474768
37,2026-02-14,3,2026-03-07,wk inc flu hosp,quantile,0.6,205.7605200446328
38,2026-02-14,3,2026-03-07,wk inc flu hosp,quantile,0.6,25.19871899566575
39,2026-02-14,3,2026-03-07,wk inc flu hosp,quantile,0.6,276.69356239302704
40,2026-02-14,3,2026-03-07,wk inc flu hosp,quantile,0.6,125.69329024950676
41,2026-02-14,3,2026-03-07,wk inc flu hosp,quantile,0.6,273.171979885584
42,2026-02-14,3,2026-03-07,wk inc flu hosp,quantile,0.6,381.39049492883953
44,2026-02-14,3,2026-03-07,wk inc flu hosp,quantile,0.6,11.695203344547114
45,2026-02-14,3,2026-03-07,wk inc flu hosp,quantile,0.6,115.99510717037505
46,2026-02-14,3,2026-03-07,wk inc flu hosp,quantile,0.6,30.539447436577262
47,2026-02-14,3,2026-03-07,wk inc flu hosp,quantile,0.6,203.95824036410244
48,2026-02-14,3,2026-03-07,wk inc flu hosp,quantile,0.6,911.1481585275075
49,2026-02-14,3,2026-03-07,wk inc flu hosp,quantile,0.6,60.85151934761472
50,2026-02-14,3,2026-03-07,wk inc flu hosp,quantile,0.6,16.27676675851049
51,2026-02-14,3,2026-03-07,wk inc flu hosp,quantile,0.6,137.45404344461457
53,2026-02-14,3,2026-03-07,wk inc flu hosp,quantile,0.6,292.8186570850738
54,2026-02-14,3,2026-03-07,wk inc flu hosp,quantile,0.6,82.9151764295941
55,2026-02-14,3,2026-03-07,wk inc flu hosp,quantile,0.6,142.4046840473201
56,2026-02-14,3,2026-03-07,wk inc flu hosp,quantile,0.6,14.733985817829929
72,2026-02-14,3,2026-03-07,wk inc flu hosp,quantile,0.6,129.0050217772759
01,2026-02-14,0,2026-02-14,wk inc flu hosp,quantile,0.65,326.99149346349196
02,2026-02-14,0,2026-02-14,wk inc flu hosp,quantile,0.65,10.290101261742684
04,2026-02-14,0,2026-02-14,wk inc flu hosp,quantile,0.65,338.0443361562264
05,2026-02-14,0,2026-02-14,wk inc flu hosp,quantile,0.65,162.06863867249186
06,2026-02-14,0,2026-02-14,wk inc flu hosp,quantile,0.65,1758.646475738188
08,2026-02-14,0,2026-02-14,wk inc flu hosp,quantile,0.65,118.27928247824897
09,2026-02-14,0,2026-02-14,wk inc flu hosp,quantile,0.65,47.92759863475093
10,2026-02-14,0,2026-02-14,wk inc flu hosp,quantile,0.65,35.90903006344781
11,2026-02-14,0,2026-02-14,wk inc flu hosp,quantile,0.65,4.935568809232106
12,2026-02-14,0,2026-02-14,wk inc flu hosp,quantile,0.65,1394.0632774589726
13,2026-02-14,0,2026-02-14,wk inc flu hosp,quantile,0.65,324.29301978469124
15,2026-02-14,0,2026-02-14,wk inc flu hosp,quantile,0.65,23.389958517611927
16,2026-02-14,0,2026-02-14,wk inc flu hosp,quantile,0.65,107.23505395426604
17,2026-02-14,0,2026-02-14,wk inc flu hosp,quantile,0.65,426.39739922198294
18,2026-02-14,0,2026-02-14,wk inc flu hosp,quantile,0.65,294.99666410385004
19,2026-02-14,0,2026-02-14,wk inc flu hosp,quantile,0.65,168.688617360577
20,2026-02-14,0,2026-02-14,wk inc flu hosp,quantile,0.65,175.25363206111155
21,2026-02-14,0,2026-02-14,wk inc flu hosp,quantile,0.65,194.6591103981505
22,2026-02-14,0,2026-02-14,wk inc flu hosp,quantile,0.65,251.75421747342617
23,2026-02-14,0,2026-02-14,wk inc flu hosp,quantile,0.65,49.364349457693734
24,2026-02-14,0,2026-02-14,wk inc flu hosp,quantile,0.65,65.23082199071061
25,2026-02-14,0,2026-02-14,wk inc flu hosp,quantile,0.65,94.2766585395384
26,2026-02-14,0,2026-02-14,wk inc flu hosp,quantile,0.65,238.01036485283285
27,2026-02-14,0,2026-02-14,wk inc flu hosp,quantile,0.65,149.94656077274027
28,2026-02-14,0,2026-02-14,wk inc flu hosp,quantile,0.65,178.64503370245595
29,2026-02-14,0,2026-02-14,wk inc flu hosp,quantile,0.65,258.6582880825762
30,2026-02-14,0,2026-02-14,wk inc flu hosp,quantile,0.65,65.8383336648748
31,2026-02-14,0,2026-02-14,wk inc flu hosp,quantile,0.65,123.11457273386084
32,2026-02-14,0,2026-02-14,wk inc flu hosp,quantile,0.65,89.72812041139869
33,2026-02-14,0,2026-02-14,wk inc flu hosp,quantile,0.65,39.576260330460165
34,2026-02-14,0,2026-02-14,wk inc flu hosp,quantile,0.65,174.57562756210737
35,2026-02-14,0,2026-02-14,wk inc flu hosp,quantile,0.65,139.52377641035872
36,2026-02-14,0,2026-02-14,wk inc flu hosp,quantile,0.65,204.80085173308433
37,2026-02-14,0,2026-02-14,wk inc flu hosp,quantile,0.65,319.7378926529427
38,2026-02-14,0,2026-02-14,wk inc flu hosp,quantile,0.65,38.71986992393561
39,2026-02-14,0,2026-02-14,wk inc flu hosp,quantile,0.65,435.4312340999338
40,2026-02-14,0,2026-02-14,wk inc flu hosp,quantile,0.65,169.94601269680652
41,2026-02-14,0,2026-02-14,wk inc flu hosp,quantile,0.65,383.7912687200322
42,2026-02-14,0,2026-02-14,wk inc flu hosp,quantile,0.65,602.1640754759737
44,2026-02-14,0,2026-02-14,wk inc flu hosp,quantile,0.65,20.095498265059096
45,2026-02-14,0,2026-02-14,wk inc flu hosp,quantile,0.65,166.64746895710596
46,2026-02-14,0,2026-02-14,wk inc flu hosp,quantile,0.65,48.020228824911676
47,2026-02-14,0,2026-02-14,wk inc flu hosp,quantile,0.65,282.9286705112195
48,2026-02-14,0,2026-02-14,wk inc flu hosp,quantile,0.65,1209.179320387695
49,2026-02-14,0,2026-02-14,wk inc flu hosp,quantile,0.65,87.16625053054135
50,2026-02-14,0,2026-02-14,wk inc flu hosp,quantile,0.65,23.64183574105225
51,2026-02-14,0,2026-02-14,wk inc flu hosp,quantile,0.65,212.07755263700102
53,2026-02-14,0,2026-02-14,wk inc flu hosp,quantile,0.65,390.5998568208161
54,2026-02-14,0,2026-02-14,wk inc flu hosp,quantile,0.65,129.17130948917583
55,2026-02-14,0,2026-02-14,wk inc flu hosp,quantile,0.65,221.8056042581284
56,2026-02-14,0,2026-02-14,wk inc flu hosp,quantile,0.65,19.517052128026908
72,2026-02-14,0,2026-02-14,wk inc flu hosp,quantile,0.65,157.92426023016213
01,2026-02-14,1,2026-02-21,wk inc flu hosp,quantile,0.65,303.157511744945
02,2026-02-14,1,2026-02-21,wk inc flu hosp,quantile,0.65,9.533226306452057
04,2026-02-14,1,2026-02-21,wk inc flu hosp,quantile,0.65,336.3358496330955
05,2026-02-14,1,2026-02-21,wk inc flu hosp,quantile,0.65,152.8282027289436
06,2026-02-14,1,2026-02-21,wk inc flu hosp,quantile,0.65,1641.1966121326714
08,2026-02-14,1,2026-02-21,wk inc flu hosp,quantile,0.65,110.84666998771665
09,2026-02-14,1,2026-02-21,wk inc flu hosp,quantile,0.65,40.863147354773616
10,2026-02-14,1,2026-02-21,wk inc flu hosp,quantile,0.65,29.436025008989716
11,2026-02-14,1,2026-02-21,wk inc flu hosp,quantile,0.65,4.086721447500626
12,2026-02-14,1,2026-02-21,wk inc flu hosp,quantile,0.65,1255.5870035825842
13,2026-02-14,1,2026-02-21,wk inc flu hosp,quantile,0.65,296.3377868906843
15,2026-02-14,1,2026-02-21,wk inc flu hosp,quantile,0.65,21.78718029419105
16,2026-02-14,1,2026-02-21,wk inc flu hosp,quantile,0.65,99.62342231006768
17,2026-02-14,1,2026-02-21,wk inc flu hosp,quantile,0.65,365.5519992600842
18,2026-02-14,1,2026-02-21,wk inc flu hosp,quantile,0.65,269.21117132811906
19,2026-02-14,1,2026-02-21,wk inc flu hosp,quantile,0.65,145.11515105811404
20,2026-02-14,1,2026-02-21,wk inc flu hosp,quantile,0.65,156.16354228606411
21,2026-02-14,1,2026-02-21,wk inc flu hosp,quantile,0.65,171.928454198661
22,2026-02-14,1,2026-02-21,wk inc flu hosp,quantile,0.65,229.139336866609
23,2026-02-14,1,2026-02-21,wk inc flu hosp,quantile,0.65,42.69626949840915
24,2026-02-14,1,2026-02-21,wk inc flu hosp,quantile,0.65,55.60241817887068
25,2026-02-14,1,2026-02-21,wk inc flu hosp,quantile,0.65,81.2581707370436
26,2026-02-14,1,2026-02-21,wk inc flu hosp,quantile,0.65,212.51300474402734
27,2026-02-14,1,2026-02-21,wk inc flu hosp,quantile,0.65,128.8989454133825
28,2026-02-14,1,2026-02-21,wk inc flu hosp,quantile,0.65,169.9796149161917
29,2026-02-14,1,2026-02-21,wk inc flu hosp,quantile,0.65,226.4021844819698
30,2026-02-14,1,2026-02-21,wk inc flu hosp,quantile,0.65,61.35134904310734
31,2026-02-14,1,2026-02-21,wk inc flu hosp,quantile,0.65,108.05078158991773
32,2026-02-14,1,2026-02-21,wk inc flu hosp,quantile,0.65,86.9114430339081
33,2026-02-14,1,2026-02-21,wk inc flu hosp,quantile,0.65,33.67266417367328
34,2026-02-14,1,2026-02-21,wk inc flu hosp,quantile,0.65,147.7734353397135
35,2026-02-14,1,2026-02-21,wk inc flu hosp,quantile,0.65,128.67595909848706
36,2026-02-14,1,2026-02-21,wk inc flu hosp,quantile,0.65,180.78886375655551
37,2026-02-14,1,2026-02-21,wk inc flu hosp,quantile,0.65,278.94778617558757
38,2026-02-14,1,2026-02-21,wk inc flu hosp,quantile,0.65,34.87493031722319
39,2026-02-14,1,2026-02-21,wk inc flu hosp,quantile,0.65,375.7510420066105
40,2026-02-14,1,2026-02-21,wk inc flu hosp,quantile,0.65,162.81467917522164
41,2026-02-14,1,2026-02-21,wk inc flu hosp,quantile,0.65,358.2762886833641
42,2026-02-14,1,2026-02-21,wk inc flu hosp,quantile,0.65,503.88138987167105
44,2026-02-14,1,2026-02-21,wk inc flu hosp,quantile,0.65,16.954472877896904
45,2026-02-14,1,2026-02-21,wk inc flu hosp,quantile,0.65,151.32844074589832
46,2026-02-14,1,2026-02-21,wk inc flu hosp,quantile,0.65,43.15974199773932
47,2026-02-14,1,2026-02-21,wk inc flu hosp,quantile,0.65,259.0538523241112
48,2026-02-14,1,2026-02-21,wk inc flu hosp,quantile,0.65,1143.6357357232373
49,2026-02-14,1,2026-02-21,wk inc flu hosp,quantile,0.65,80.17628407308227
50,2026-02-14,1,2026-02-21,wk inc flu hosp,quantile,0.65,21.097940322761684
51,2026-02-14,1,2026-02-21,wk inc flu hosp,quantile,0.65,184.110745154856
53,2026-02-14,1,2026-02-21,wk inc flu hosp,quantile,0.65,372.26120897384396
54,2026-02-14,1,2026-02-21,wk inc flu hosp,quantile,0.65,113.62018263935668
55,2026-02-14,1,2026-02-21,wk inc flu hosp,quantile,0.65,191.22276463665366
56,2026-02-14,1,2026-02-21,wk inc flu hosp,quantile,0.65,18.570932889942526
72,2026-02-14,1,2026-02-21,wk inc flu hosp,quantile,0.65,151.31816829061708
01,2026-02-14,2,2026-02-28,wk inc flu hosp,quantile,0.65,273.52164274236145
02,2026-02-14,2,2026-02-28,wk inc flu hosp,quantile,0.65,8.47548878537972
04,2026-02-14,2,2026-02-28,wk inc flu hosp,quantile,0.65,324.0674402466297
05,2026-02-14,2,2026-02-28,wk inc flu hosp,quantile,0.65,141.3509778903578
06,2026-02-14,2,2026-02-28,wk inc flu hosp,quantile,0.65,1448.513844055276
08,2026-02-14,2,2026-02-28,wk inc flu hosp,quantile,0.65,98.58852672965527
09,2026-02-14,2,2026-02-28,wk inc flu hosp,quantile,0.65,35.47402339759856
10,2026-02-14,2,2026-02-28,wk inc flu hosp,quantile,0.65,24.40756873915441
11,2026-02-14,2,2026-02-28,wk inc flu hosp,quantile,0.65,3.3790212289746573
12,2026-02-14,2,2026-02-28,wk inc flu hosp,quantile,0.65,1096.4330941120948
13,2026-02-14,2,2026-02-28,wk inc flu hosp,quantile,0.65,268.5070855908841
15,2026-02-14,2,2026-02-28,wk inc flu hosp,quantile,0.65,19.67433222089153
16,2026-02-14,2,2026-02-28,wk inc flu hosp,quantile,0.65,89.44186558645904
17,2026-02-14,2,2026-02-28,wk inc flu hosp,quantile,0.65,319.22215406310863
18,2026-02-14,2,2026-02-28,wk inc flu hosp,quantile,0.65,249.264414647324
19,2026-02-14,2,2026-02-28,wk inc flu hosp,quantile,0.65,121.46427918086057
20,2026-02-14,2,2026-02-28,wk inc flu hosp,quantile,0.65,132.5374343814128
21,2026-02-14,2,2026-02-28,wk inc flu hosp,quantile,0.65,151.20114052734053
22,2026-02-14,2,2026-02-28,wk inc flu hosp,quantile,0.65,198.70047623689206
23,2026-02-14,2,2026-02-28,wk inc flu hosp,quantile,0.65,37.17102744814559
24,2026-02-14,2,2026-02-28,wk inc flu hosp,quantile,0.65,47.661092381290395
25,2026-02-14,2,2026-02-28,wk inc flu hosp,quantile,0.65,68.68663820541967
26,2026-02-14,2,2026-02-28,wk inc flu hosp,quantile,0.65,191.4424373261027
27,2026-02-14,2,2026-02-28,wk inc flu hosp,quantile,0.65,109.42416180172017
28,2026-02-14,2,2026-02-28,wk inc flu hosp,quantile,0.65,154.66933746628715
29,2026-02-14,2,2026-02-28,wk inc flu hosp,quantile,0.65,193.2929660951111
30,2026-02-14,2,2026-02-28,wk inc flu hosp,quantile,0.65,54.68962898183248
31,2026-02-14,2,2026-02-28,wk inc flu hosp,quantile,0.65,91.12648146171166
32,2026-02-14,2,2026-02-28,wk inc flu hosp,quantile,0.65,79.48401781405468
33,2026-02-14,2,2026-02-28,wk inc flu hosp,quantile,0.65,28.404694970732262
34,2026-02-14,2,2026-02-28,wk inc flu hosp,quantile,0.65,123.92503478719775
35,2026-02-14,2,2026-02-28,wk inc flu hosp,quantile,0.65,112.2686064558835
36,2026-02-14,2,2026-02-28,wk inc flu hosp,quantile,0.65,157.2761797365649
37,2026-02-14,2,2026-02-28,wk inc flu hosp,quantile,0.65,243.77916412539722
38,2026-02-14,2,2026-02-28,wk inc flu hosp,quantile,0.65,29.64190719473362
39,2026-02-14,2,2026-02-28,wk inc flu hosp,quantile,0.65,329.3085639530949
40,2026-02-14,2,2026-02-28,wk inc flu hosp,quantile,0.65,150.32267479504242
41,2026-02-14,2,2026-02-28,wk inc flu hosp,quantile,0.65,310.4095585058184
42,2026-02-14,2,2026-02-28,wk inc flu hosp,quantile,0.65,433.8323664255433
44,2026-02-14,2,2026-02-28,wk inc flu hosp,quantile,0.65,14.111500827602221
45,2026-02-14,2,2026-02-28,wk inc flu hosp,quantile,0.65,132.05724927475413
46,2026-02-14,2,2026-02-28,wk inc flu hosp,quantile,0.65,35.80775842302621
47,2026-02-14,2,2026-02-28,wk inc flu hosp,quantile,0.65,234.6519495393151
48,2026-02-14,2,2026-02-28,wk inc flu hosp,quantile,0.65,1028.9405224559173
49,2026-02-14,2,2026-02-28,wk inc flu hosp,quantile,0.65,70.07943318778732
50,2026-02-14,2,2026-02-28,wk inc flu hosp,quantile,0.65,18.841368590110385
51,2026-02-14,2,2026-02-28,wk inc flu hosp,quantile,0.65,161.93724829729462
53,2026-02-14,2,2026-02-28,wk inc flu hosp,quantile,0.65,338.286357482082
54,2026-02-14,2,2026-02-28,wk inc flu hosp,quantile,0.65,98.45314141697135
55,2026-02-14,2,2026-02-28,wk inc flu hosp,quantile,0.65,163.71198871664112
56,2026-02-14,2,2026-02-28,wk inc flu hosp,quantile,0.65,17.00906896311505
72,2026-02-14,2,2026-02-28,wk inc flu hosp,quantile,0.65,141.37519302180405
01,2026-02-14,3,2026-03-07,wk inc flu hosp,quantile,0.65,245.66742535427605
02,2026-02-14,3,2026-03-07,wk inc flu hosp,quantile,0.65,8.0023832943288
04,2026-02-14,3,2026-03-07,wk inc flu hosp,quantile,0.65,302.83281000495015
05,2026-02-14,3,2026-03-07,wk inc flu hosp,quantile,0.65,126.27723015872914
06,2026-02-14,3,2026-03-07,wk inc flu hosp,quantile,0.65,1301.6461048856872
08,2026-02-14,3,2026-03-07,wk inc flu hosp,quantile,0.65,90.65934778113146
09,2026-02-14,3,2026-03-07,wk inc flu hosp,quantile,0.65,32.22584172295872
10,2026-02-14,3,2026-03-07,wk inc flu hosp,quantile,0.65,21.80985450689795
11,2026-02-14,3,2026-03-07,wk inc flu hosp,quantile,0.65,2.99151043950335
12,2026-02-14,3,2026-03-07,wk inc flu hosp,quantile,0.65,997.8848964270554
13,2026-02-14,3,2026-03-07,wk inc flu hosp,quantile,0.65,245.13615607975382
15,2026-02-14,3,2026-03-07,wk inc flu hosp,quantile,0.65,18.470307300851992
16,2026-02-14,3,2026-03-07,wk inc flu hosp,quantile,0.65,81.99245742591134
17,2026-02-14,3,2026-03-07,wk inc flu hosp,quantile,0.65,291.1181769936919
18,2026-02-14,3,2026-03-07,wk inc flu hosp,quantile,0.65,226.23199947098718
19,2026-02-14,3,2026-03-07,wk inc flu hosp,quantile,0.65,108.8001578386936
20,2026-02-14,3,2026-03-07,wk inc flu hosp,quantile,0.65,118.58449992999373
21,2026-02-14,3,2026-03-07,wk inc flu hosp,quantile,0.65,140.37057111429047
22,2026-02-14,3,2026-03-07,wk inc flu hosp,quantile,0.65,178.11454267628602
23,2026-02-14,3,2026-03-07,wk inc flu hosp,quantile,0.65,34.36372375028829
24,2026-02-14,3,2026-03-07,wk inc flu hosp,quantile,0.65,45.16393110553996
25,2026-02-14,3,2026-03-07,wk inc flu hosp,quantile,0.65,65.08778840417776
26,2026-02-14,3,2026-03-07,wk inc flu hosp,quantile,0.65,180.10685464449875
27,2026-02-14,3,2026-03-07,wk inc flu hosp,quantile,0.65,100.43737739807054
28,2026-02-14,3,2026-03-07,wk inc flu hosp,quantile,0.65,142.53613898382756
29,2026-02-14,3,2026-03-07,wk inc flu hosp,quantile,0.65,175.47748017818782
30,2026-02-14,3,2026-03-07,wk inc flu hosp,quantile,0.65,50.776960059018435
31,2026-02-14,3,2026-03-07,wk inc flu hosp,quantile,0.65,81.32587489149118
32,2026-02-14,3,2026-03-07,wk inc flu hosp,quantile,0.65,73.52308388995888
33,2026-02-14,3,2026-03-07,wk inc flu hosp,quantile,0.65,25.789560392167186
34,2026-02-14,3,2026-03-07,wk inc flu hosp,quantile,0.65,115.7412468312172
35,2026-02-14,3,2026-03-07,wk inc flu hosp,quantile,0.65,102.49127755626904
36,2026-02-14,3,2026-03-07,wk inc flu hosp,quantile,0.65,143.03396452544854
37,2026-02-14,3,2026-03-07,wk inc flu hosp,quantile,0.65,220.90445756366233
38,2026-02-14,3,2026-03-07,wk inc flu hosp,quantile,0.65,27.357870145291276
39,2026-02-14,3,2026-03-07,wk inc flu hosp,quantile,0.65,301.34088528679433
40,2026-02-14,3,2026-03-07,wk inc flu hosp,quantile,0.65,136.27911448224603
41,2026-02-14,3,2026-03-07,wk inc flu hosp,quantile,0.65,279.60586232260766
42,2026-02-14,3,2026-03-07,wk inc flu hosp,quantile,0.65,399.87319235397445
44,2026-02-14,3,2026-03-07,wk inc flu hosp,quantile,0.65,12.994251612798028
45,2026-02-14,3,2026-03-07,wk inc flu hosp,quantile,0.65,123.35193365589727
46,2026-02-14,3,2026-03-07,wk inc flu hosp,quantile,0.65,32.687673709377925
47,2026-02-14,3,2026-03-07,wk inc flu hosp,quantile,0.65,210.79510987208474
48,2026-02-14,3,2026-03-07,wk inc flu hosp,quantile,0.65,938.8134839241204
49,2026-02-14,3,2026-03-07,wk inc flu hosp,quantile,0.65,64.48188622490312
50,2026-02-14,3,2026-03-07,wk inc flu hosp,quantile,0.65,17.18535979032757
51,2026-02-14,3,2026-03-07,wk inc flu hosp,quantile,0.65,147.28338881215234
53,2026-02-14,3,2026-03-07,wk inc flu hosp,quantile,0.65,310.46312191217396
54,2026-02-14,3,2026-03-07,wk inc flu hosp,quantile,0.65,89.37073753181447
55,2026-02-14,3,2026-03-07,wk inc flu hosp,quantile,0.65,150.7307797835337
56,2026-02-14,3,2026-03-07,wk inc flu hosp,quantile,0.65,15.5845873153017
72,2026-02-14,3,2026-03-07,wk inc flu hosp,quantile,0.65,134.28527377606073
01,2026-02-14,0,2026-02-14,wk inc flu hosp,quantile,0.7,336.0800616073988
02,2026-02-14,0,2026-02-14,wk inc flu hosp,quantile,0.7,10.96462385697333
04,2026-02-14,0,2026-02-14,wk inc flu hosp,quantile,0.7,344.51040907980024
05,2026-02-14,0,2026-02-14,wk inc flu hosp,quantile,0.7,166.42442547823208
06,2026-02-14,0,2026-02-14,wk inc flu hosp,quantile,0.7,1801.6465535626014
08,2026-02-14,0,2026-02-14,wk inc flu hosp,quantile,0.7,120.94971835884529
09,2026-02-14,0,2026-02-14,wk inc flu hosp,quantile,0.7,49.77187860086082
10,2026-02-14,0,2026-02-14,wk inc flu hosp,quantile,0.7,36.59553123627805
11,2026-02-14,0,2026-02-14,wk inc flu hosp,quantile,0.7,5.370145537570183
12,2026-02-14,0,2026-02-14,wk inc flu hosp,quantile,0.7,1425.5608762933273
13,2026-02-14,0,2026-02-14,wk inc flu hosp,quantile,0.7,331.00140550841536
15,2026-02-14,0,2026-02-14,wk inc flu hosp,quantile,0.7,24.316763919028
16,2026-02-14,0,2026-02-14,wk inc flu hosp,quantile,0.7,107.72756175290033
17,2026-02-14,0,2026-02-14,wk inc flu hosp,quantile,0.7,436.7700644327255
18,2026-02-14,0,2026-02-14,wk inc flu hosp,quantile,0.7,305.870597138866
19,2026-02-14,0,2026-02-14,wk inc flu hosp,quantile,0.7,172.61150902043653
20,2026-02-14,0,2026-02-14,wk inc flu hosp,quantile,0.7,179.87431957250197
21,2026-02-14,0,2026-02-14,wk inc flu hosp,quantile,0.7,200.73331001435741
22,2026-02-14,0,2026-02-14,wk inc flu hosp,quantile,0.7,260.4972885082568
23,2026-02-14,0,2026-02-14,wk inc flu hosp,quantile,0.7,50.74427786175169
24,2026-02-14,0,2026-02-14,wk inc flu hosp,quantile,0.7,67.04143201835836
25,2026-02-14,0,2026-02-14,wk inc flu hosp,quantile,0.7,96.57532157657084
26,2026-02-14,0,2026-02-14,wk inc flu hosp,quantile,0.7,243.14832004386273
27,2026-02-14,0,2026-02-14,wk inc flu hosp,quantile,0.7,155.74920200014338
28,2026-02-14,0,2026-02-14,wk inc flu hosp,quantile,0.7,182.63619992161446
29,2026-02-14,0,2026-02-14,wk inc flu hosp,quantile,0.7,266.58957146125255
30,2026-02-14,0,2026-02-14,wk inc flu hosp,quantile,0.7,67.29754378917042
31,2026-02-14,0,2026-02-14,wk inc flu hosp,quantile,0.7,125.56978003750538
32,2026-02-14,0,2026-02-14,wk inc flu hosp,quantile,0.7,93.04167236896119
33,2026-02-14,0,2026-02-14,wk inc flu hosp,quantile,0.7,40.26580262148399
34,2026-02-14,0,2026-02-14,wk inc flu hosp,quantile,0.7,175.94211163926943
35,2026-02-14,0,2026-02-14,wk inc flu hosp,quantile,0.7,143.71515657637113
36,2026-02-14,0,2026-02-14,wk inc flu hosp,quantile,0.7,206.11907835299868
37,2026-02-14,0,2026-02-14,wk inc flu hosp,quantile,0.7,326.973032146357
38,2026-02-14,0,2026-02-14,wk inc flu hosp,quantile,0.7,40.00388933898522
39,2026-02-14,0,2026-02-14,wk inc flu hosp,quantile,0.7,449.1253755470499
40,2026-02-14,0,2026-02-14,wk inc flu hosp,quantile,0.7,175.32421481561613
41,2026-02-14,0,2026-02-14,wk inc flu hosp,quantile,0.7,390.613846027028
42,2026-02-14,0,2026-02-14,wk inc flu hosp,quantile,0.7,608.8732262883041
44,2026-02-14,0,2026-02-14,wk inc flu hosp,quantile,0.7,20.472557794899334
45,2026-02-14,0,2026-02-14,wk inc flu hosp,quantile,0.7,171.29663555957745
46,2026-02-14,0,2026-02-14,wk inc flu hosp,quantile,0.7,49.74565539416153
47,2026-02-14,0,2026-02-14,wk inc flu hosp,quantile,0.7,289.15573934738813
48,2026-02-14,0,2026-02-14,wk inc flu hosp,quantile,0.7,1219.1517241464328
49,2026-02-14,0,2026-02-14,wk inc flu hosp,quantile,0.7,90.05484136711435
50,2026-02-14,0,2026-02-14,wk inc flu hosp,quantile,0.7,24.18919300826904
51,2026-02-14,0,2026-02-14,wk inc flu hosp,quantile,0.7,217.12194280073678
53,2026-02-14,0,2026-02-14,wk inc flu hosp,quantile,0.7,398.0080003356506
54,2026-02-14,0,2026-02-14,wk inc flu hosp,quantile,0.7,133.02326775951673
55,2026-02-14,0,2026-02-14,wk inc flu hosp,quantile,0.7,226.76016292738873
56,2026-02-14,0,2026-02-14,wk inc flu hosp,quantile,0.7,19.94144994861007
72,2026-02-14,0,2026-02-14,wk inc flu hosp,quantile,0.7,162.3581365179074
01,2026-02-14,1,2026-02-21,wk inc flu hosp,quantile,0.7,320.7855432348889
02,2026-02-14,1,2026-02-21,wk inc flu hosp,quantile,0.7,10.635624629147658
04,2026-02-14,1,2026-02-21,wk inc flu hosp,quantile,0.7,344.85470916058017
05,2026-02-14,1,2026-02-21,wk inc flu hosp,quantile,0.7,161.00289212609587
06,2026-02-14,1,2026-02-21,wk inc flu hosp,quantile,0.7,1709.5613928366586
08,2026-02-14,1,2026-02-21,wk inc flu hosp,quantile,0.7,114.27267787457595
09,2026-02-14,1,2026-02-21,wk inc flu hosp,quantile,0.7,44.01360907657849
10,2026-02-14,1,2026-02-21,wk inc flu hosp,quantile,0.7,31.08457956368228
11,2026-02-14,1,2026-02-21,wk inc flu hosp,quantile,0.7,4.635479042941395
12,2026-02-14,1,2026-02-21,wk inc flu hosp,quantile,0.7,1298.9896314113016
13,2026-02-14,1,2026-02-21,wk inc flu hosp,quantile,0.7,307.5815371333491
15,2026-02-14,1,2026-02-21,wk inc flu hosp,quantile,0.7,22.91812212211289
16,2026-02-14,1,2026-02-21,wk inc flu hosp,quantile,0.7,102.70460973105352
17,2026-02-14,1,2026-02-21,wk inc flu hosp,quantile,0.7,384.3545123333491
18,2026-02-14,1,2026-02-21,wk inc flu hosp,quantile,0.7,280.2512834950534
19,2026-02-14,1,2026-02-21,wk inc flu hosp,quantile,0.7,152.0896096508621
20,2026-02-14,1,2026-02-21,wk inc flu hosp,quantile,0.7,161.24836039932626
21,2026-02-14,1,2026-02-21,wk inc flu hosp,quantile,0.7,180.19283023768384
22,2026-02-14,1,2026-02-21,wk inc flu hosp,quantile,0.7,237.89930932105491
23,2026-02-14,1,2026-02-21,wk inc flu hosp,quantile,0.7,44.39685681939313
24,2026-02-14,1,2026-02-21,wk inc flu hosp,quantile,0.7,58.60848167771132
25,2026-02-14,1,2026-02-21,wk inc flu hosp,quantile,0.7,85.17192130574172
26,2026-02-14,1,2026-02-21,wk inc flu hosp,quantile,0.7,220.42220209556848
27,2026-02-14,1,2026-02-21,wk inc flu hosp,quantile,0.7,134.22256690463024
28,2026-02-14,1,2026-02-21,wk inc flu hosp,quantile,0.7,174.4681561990547
29,2026-02-14,1,2026-02-21,wk inc flu hosp,quantile,0.7,238.91942061392788
30,2026-02-14,1,2026-02-21,wk inc flu hosp,quantile,0.7,63.54275455711316
31,2026-02-14,1,2026-02-21,wk inc flu hosp,quantile,0.7,114.23235259148393
32,2026-02-14,1,2026-02-21,wk inc flu hosp,quantile,0.7,90.1938821879063
33,2026-02-14,1,2026-02-21,wk inc flu hosp,quantile,0.7,34.58639478674987
34,2026-02-14,1,2026-02-21,wk inc flu hosp,quantile,0.7,152.70068885896907
35,2026-02-14,1,2026-02-21,wk inc flu hosp,quantile,0.7,134.63883471875585
36,2026-02-14,1,2026-02-21,wk inc flu hosp,quantile,0.7,181.86439334908937
37,2026-02-14,1,2026-02-21,wk inc flu hosp,quantile,0.7,283.8431207854136
38,2026-02-14,1,2026-02-21,wk inc flu hosp,quantile,0.7,36.180174714104865
39,2026-02-14,1,2026-02-21,wk inc flu hosp,quantile,0.7,393.0321023524723
40,2026-02-14,1,2026-02-21,wk inc flu hosp,quantile,0.7,170.94772618643296
41,2026-02-14,1,2026-02-21,wk inc flu hosp,quantile,0.7,372.4982669995218
42,2026-02-14,1,2026-02-21,wk inc flu hosp,quantile,0.7,525.4029125342378
44,2026-02-14,1,2026-02-21,wk inc flu hosp,quantile,0.7,17.446989348197327
45,2026-02-14,1,2026-02-21,wk inc flu hosp,quantile,0.7,155.14090180950117
46,2026-02-14,1,2026-02-21,wk inc flu hosp,quantile,0.7,45.38792128552046
47,2026-02-14,1,2026-02-21,wk inc flu hosp,quantile,0.7,266.6321515902385
48,2026-02-14,1,2026-02-21,wk inc flu hosp,quantile,0.7,1167.9430643977055
49,2026-02-14,1,2026-02-21,wk inc flu hosp,quantile,0.7,84.73721165029326
50,2026-02-14,1,2026-02-21,wk inc flu hosp,quantile,0.7,22.07064881865742
51,2026-02-14,1,2026-02-21,wk inc flu hosp,quantile,0.7,190.50725302717112
53,2026-02-14,1,2026-02-21,wk inc flu hosp,quantile,0.7,384.1580762055591
54,2026-02-14,1,2026-02-21,wk inc flu hosp,quantile,0.7,120.18759136654454
55,2026-02-14,1,2026-02-21,wk inc flu hosp,quantile,0.7,197.1711152798529
56,2026-02-14,1,2026-02-21,wk inc flu hosp,quantile,0.7,19.217080054564484
72,2026-02-14,1,2026-02-21,wk inc flu hosp,quantile,0.7,156.15484890972903
01,2026-02-14,2,2026-02-28,wk inc flu hosp,quantile,0.7,296.29857979374333
02,2026-02-14,2,2026-02-28,wk inc flu hosp,quantile,0.7,9.420009794079066
04,2026-02-14,2,2026-02-28,wk inc flu hosp,quantile,0.7,337.2077459034015
05,2026-02-14,2,2026-02-28,wk inc flu hosp,quantile,0.7,147.81212373384628
06,2026-02-14,2,2026-02-28,wk inc flu hosp,quantile,0.7,1551.7911649777957
08,2026-02-14,2,2026-02-28,wk inc flu hosp,quantile,0.7,102.72058059355587
09,2026-02-14,2,2026-02-28,wk inc flu hosp,quantile,0.7,38.60780545513576
10,2026-02-14,2,2026-02-28,wk inc flu hosp,quantile,0.7,27.282345787734325
11,2026-02-14,2,2026-02-28,wk inc flu hosp,quantile,0.7,3.6913979788687596
12,2026-02-14,2,2026-02-28,wk inc flu hosp,quantile,0.7,1142.8899638592866
13,2026-02-14,2,2026-02-28,wk inc flu hosp,quantile,0.7,283.81045098499214
15,2026-02-14,2,2026-02-28,wk inc flu hosp,quantile,0.7,20.62073205706335
16,2026-02-14,2,2026-02-28,wk inc flu hosp,quantile,0.7,92.26507557767093
17,2026-02-14,2,2026-02-28,wk inc flu hosp,quantile,0.7,341.9427047645755
18,2026-02-14,2,2026-02-28,wk inc flu hosp,quantile,0.7,257.8768352271754
19,2026-02-14,2,2026-02-28,wk inc flu hosp,quantile,0.7,133.72720791324082
20,2026-02-14,2,2026-02-28,wk inc flu hosp,quantile,0.7,141.8836520451721
21,2026-02-14,2,2026-02-28,wk inc flu hosp,quantile,0.7,162.31631475176175
22,2026-02-14,2,2026-02-28,wk inc flu hosp,quantile,0.7,210.06573361195274
23,2026-02-14,2,2026-02-28,wk inc flu hosp,quantile,0.7,40.22655620801064
24,2026-02-14,2,2026-02-28,wk inc flu hosp,quantile,0.7,52.61861664541505
25,2026-02-14,2,2026-02-28,wk inc flu hosp,quantile,0.7,74.98964396117358
26,2026-02-14,2,2026-02-28,wk inc flu hosp,quantile,0.7,204.08957933703059
27,2026-02-14,2,2026-02-28,wk inc flu hosp,quantile,0.7,116.08879256042249
28,2026-02-14,2,2026-02-28,wk inc flu hosp,quantile,0.7,164.77726143778557
29,2026-02-14,2,2026-02-28,wk inc flu hosp,quantile,0.7,209.74704250271742
30,2026-02-14,2,2026-02-28,wk inc flu hosp,quantile,0.7,58.5108589762468
31,2026-02-14,2,2026-02-28,wk inc flu hosp,quantile,0.7,100.69925225718062
32,2026-02-14,2,2026-02-28,wk inc flu hosp,quantile,0.7,84.25088752236736
33,2026-02-14,2,2026-02-28,wk inc flu hosp,quantile,0.7,30.501584685216425
34,2026-02-14,2,2026-02-28,wk inc flu hosp,quantile,0.7,135.01011736422058
35,2026-02-14,2,2026-02-28,wk inc flu hosp,quantile,0.7,121.55425620522212
36,2026-02-14,2,2026-02-28,wk inc flu hosp,quantile,0.7,157.87565771478828
37,2026-02-14,2,2026-02-28,wk inc flu hosp,quantile,0.7,257.40217892242805
38,2026-02-14,2,2026-02-28,wk inc flu hosp,quantile,0.7,32.33511979870115
39,2026-02-14,2,2026-02-28,wk inc flu hosp,quantile,0.7,353.43225070839406
40,2026-02-14,2,2026-02-28,wk inc flu hosp,quantile,0.7,162.75570197729812
41,2026-02-14,2,2026-02-28,wk inc flu hosp,quantile,0.7,329.90794674461273
42,2026-02-14,2,2026-02-28,wk inc flu hosp,quantile,0.7,468.4992070777882
44,2026-02-14,2,2026-02-28,wk inc flu hosp,quantile,0.7,15.539670358931648
45,2026-02-14,2,2026-02-28,wk inc flu hosp,quantile,0.7,139.62982932285573
46,2026-02-14,2,2026-02-28,wk inc flu hosp,quantile,0.7,40.35448938194442
47,2026-02-14,2,2026-02-28,wk inc flu hosp,quantile,0.7,249.0132499035454
48,2026-02-14,2,2026-02-28,wk inc flu hosp,quantile,0.7,1068.872269443441
49,2026-02-14,2,2026-02-28,wk inc flu hosp,quantile,0.7,76.14197665893752
50,2026-02-14,2,2026-02-28,wk inc flu hosp,quantile,0.7,20.058758900690552
51,2026-02-14,2,2026-02-28,wk inc flu hosp,quantile,0.7,170.22640487524654
53,2026-02-14,2,2026-02-28,wk inc flu hosp,quantile,0.7,356.1063424980085
54,2026-02-14,2,2026-02-28,wk inc flu hosp,quantile,0.7,108.93955943818408
55,2026-02-14,2,2026-02-28,wk inc flu hosp,quantile,0.7,175.34346426074424
56,2026-02-14,2,2026-02-28,wk inc flu hosp,quantile,0.7,17.93151884644544
72,2026-02-14,2,2026-02-28,wk inc flu hosp,quantile,0.7,146.59912386398412
01,2026-02-14,3,2026-03-07,wk inc flu hosp,quantile,0.7,270.4302727380175
02,2026-02-14,3,2026-03-07,wk inc flu hosp,quantile,0.7,9.18941558372207
04,2026-02-14,3,2026-03-07,wk inc flu hosp,quantile,0.7,315.5279843772595
05,2026-02-14,3,2026-03-07,wk inc flu hosp,quantile,0.7,135.50653051116208
06,2026-02-14,3,2026-03-07,wk inc flu hosp,quantile,0.7,1421.574288518423
08,2026-02-14,3,2026-03-07,wk inc flu hosp,quantile,0.7,95.40175525087201
09,2026-02-14,3,2026-03-07,wk inc flu hosp,quantile,0.7,35.51798108163216
10,2026-02-14,3,2026-03-07,wk inc flu hosp,quantile,0.7,24.36514487970514
11,2026-02-14,3,2026-03-07,wk inc flu hosp,quantile,0.7,3.496840446615444
12,2026-02-14,3,2026-03-07,wk inc flu hosp,quantile,0.7,1058.8444186274778
13,2026-02-14,3,2026-03-07,wk inc flu hosp,quantile,0.7,262.1181634170773
15,2026-02-14,3,2026-03-07,wk inc flu hosp,quantile,0.7,20.143363473138997
16,2026-02-14,3,2026-03-07,wk inc flu hosp,quantile,0.7,85.7576232945399
17,2026-02-14,3,2026-03-07,wk inc flu hosp,quantile,0.7,314.5872704914476
18,2026-02-14,3,2026-03-07,wk inc flu hosp,quantile,0.7,240.6247966610656
19,2026-02-14,3,2026-03-07,wk inc flu hosp,quantile,0.7,121.8766201912699
20,2026-02-14,3,2026-03-07,wk inc flu hosp,quantile,0.7,128.9706844322629
21,2026-02-14,3,2026-03-07,wk inc flu hosp,quantile,0.7,151.80257163048887
22,2026-02-14,3,2026-03-07,wk inc flu hosp,quantile,0.7,194.4837349946878
23,2026-02-14,3,2026-03-07,wk inc flu hosp,quantile,0.7,37.46850893623308
24,2026-02-14,3,2026-03-07,wk inc flu hosp,quantile,0.7,47.254209281901055
25,2026-02-14,3,2026-03-07,wk inc flu hosp,quantile,0.7,69.61850290821346
26,2026-02-14,3,2026-03-07,wk inc flu hosp,quantile,0.7,190.8847720365101
27,2026-02-14,3,2026-03-07,wk inc flu hosp,quantile,0.7,108.71848440174395
28,2026-02-14,3,2026-03-07,wk inc flu hosp,quantile,0.7,153.7877793960908
29,2026-02-14,3,2026-03-07,wk inc flu hosp,quantile,0.7,193.0123058113323
30,2026-02-14,3,2026-03-07,wk inc flu hosp,quantile,0.7,53.56239444926161
31,2026-02-14,3,2026-03-07,wk inc flu hosp,quantile,0.7,90.74298159983609
32,2026-02-14,3,2026-03-07,wk inc flu hosp,quantile,0.7,79.7285105195589
33,2026-02-14,3,2026-03-07,wk inc flu hosp,quantile,0.7,28.171931481115042
34,2026-02-14,3,2026-03-07,wk inc flu hosp,quantile,0.7,124.73134495904453
35,2026-02-14,3,2026-03-07,wk inc flu hosp,quantile,0.7,112.01898868551432
36,2026-02-14,3,2026-03-07,wk inc flu hosp,quantile,0.7,145.55893700965186
37,2026-02-14,3,2026-03-07,wk inc flu hosp,quantile,0.7,239.3523660692923
38,2026-02-14,3,2026-03-07,wk inc flu hosp,quantile,0.7,29.8009812554235
39,2026-02-14,3,2026-03-07,wk inc flu hosp,quantile,0.7,321.930260797753
40,2026-02-14,3,2026-03-07,wk inc flu hosp,quantile,0.7,147.23106785387947
41,2026-02-14,3,2026-03-07,wk inc flu hosp,quantile,0.7,299.05049127967635
42,2026-02-14,3,2026-03-07,wk inc flu hosp,quantile,0.7,433.8945344565364
44,2026-02-14,3,2026-03-07,wk inc flu hosp,quantile,0.7,13.955283049582217
45,2026-02-14,3,2026-03-07,wk inc flu hosp,quantile,0.7,128.94606547663332
46,2026-02-14,3,2026-03-07,wk inc flu hosp,quantile,0.7,35.90561658285677
47,2026-02-14,3,2026-03-07,wk inc flu hosp,quantile,0.7,229.84110412549146
48,2026-02-14,3,2026-03-07,wk inc flu hosp,quantile,0.7,992.085531272361
49,2026-02-14,3,2026-03-07,wk inc flu hosp,quantile,0.7,69.3756913795705
50,2026-02-14,3,2026-03-07,wk inc flu hosp,quantile,0.7,18.639025966124173
51,2026-02-14,3,2026-03-07,wk inc flu hosp,quantile,0.7,157.31941987706503
53,2026-02-14,3,2026-03-07,wk inc flu hosp,quantile,0.7,332.6204419079759
54,2026-02-14,3,2026-03-07,wk inc flu hosp,quantile,0.7,98.30143278002078
55,2026-02-14,3,2026-03-07,wk inc flu hosp,quantile,0.7,163.19550175676858
56,2026-02-14,3,2026-03-07,wk inc flu hosp,quantile,0.7,16.942913000310934
72,2026-02-14,3,2026-03-07,wk inc flu hosp,quantile,0.7,141.87692685571002
01,2026-02-14,0,2026-02-14,wk inc flu hosp,quantile,0.75,343.87241359870285
02,2026-02-14,0,2026-02-14,wk inc flu hosp,quantile,0.75,12.130020341167832
04,2026-02-14,0,2026-02-14,wk inc flu hosp,quantile,0.75,351.09079499432386
05,2026-02-14,0,2026-02-14,wk inc flu hosp,quantile,0.75,169.6163744885296
06,2026-02-14,0,2026-02-14,wk inc flu hosp,quantile,0.75,1831.0104924918319
08,2026-02-14,0,2026-02-14,wk inc flu hosp,quantile,0.75,123.11661996540155
09,2026-02-14,0,2026-02-14,wk inc flu hosp,quantile,0.75,51.776712308197666
10,2026-02-14,0,2026-02-14,wk inc flu hosp,quantile,0.75,38.067072152791496
11,2026-02-14,0,2026-02-14,wk inc flu hosp,quantile,0.75,5.791507757912191
12,2026-02-14,0,2026-02-14,wk inc flu hosp,quantile,0.75,1433.1386273142732
13,2026-02-14,0,2026-02-14,wk inc flu hosp,quantile,0.75,340.61473263412034
15,2026-02-14,0,2026-02-14,wk inc flu hosp,quantile,0.75,25.52367257065791
16,2026-02-14,0,2026-02-14,wk inc flu hosp,quantile,0.75,111.21679616192893
17,2026-02-14,0,2026-02-14,wk inc flu hosp,quantile,0.75,443.5611733291514
18,2026-02-14,0,2026-02-14,wk inc flu hosp,quantile,0.75,312.5580641631265
19,2026-02-14,0,2026-02-14,wk inc flu hosp,quantile,0.75,177.38893905328058
20,2026-02-14,0,2026-02-14,wk inc flu hosp,quantile,0.75,183.18719540373672
21,2026-02-14,0,2026-02-14,wk inc flu hosp,quantile,0.75,207.85538727791533
22,2026-02-14,0,2026-02-14,wk inc flu hosp,quantile,0.75,262.16168471197204
23,2026-02-14,0,2026-02-14,wk inc flu hosp,quantile,0.75,52.2589034185069
24,2026-02-14,0,2026-02-14,wk inc flu hosp,quantile,0.75,68.97811844924509
25,2026-02-14,0,2026-02-14,wk inc flu hosp,quantile,0.75,99.41189131466078
26,2026-02-14,0,2026-02-14,wk inc flu hosp,quantile,0.75,248.80898200344336
27,2026-02-14,0,2026-02-14,wk inc flu hosp,quantile,0.75,160.73033664719918
28,2026-02-14,0,2026-02-14,wk inc flu hosp,quantile,0.75,188.41024305352934
29,2026-02-14,0,2026-02-14,wk inc flu hosp,quantile,0.75,277.22640283501175
30,2026-02-14,0,2026-02-14,wk inc flu hosp,quantile,0.75,68.01613563616073
31,2026-02-14,0,2026-02-14,wk inc flu hosp,quantile,0.75,127.71531211490553
32,2026-02-14,0,2026-02-14,wk inc flu hosp,quantile,0.75,95.5892409754417
33,2026-02-14,0,2026-02-14,wk inc flu hosp,quantile,0.75,41.84279453766939
34,2026-02-14,0,2026-02-14,wk inc flu hosp,quantile,0.75,179.57278124515753
35,2026-02-14,0,2026-02-14,wk inc flu hosp,quantile,0.75,147.2042475107335
36,2026-02-14,0,2026-02-14,wk inc flu hosp,quantile,0.75,210.69275053906995
37,2026-02-14,0,2026-02-14,wk inc flu hosp,quantile,0.75,333.3927084840953
38,2026-02-14,0,2026-02-14,wk inc flu hosp,quantile,0.75,41.4403222638588
39,2026-02-14,0,2026-02-14,wk inc flu hosp,quantile,0.75,458.4940380490055
40,2026-02-14,0,2026-02-14,wk inc flu hosp,quantile,0.75,178.9188355386361
41,2026-02-14,0,2026-02-14,wk inc flu hosp,quantile,0.75,396.9813137074443
42,2026-02-14,0,2026-02-14,wk inc flu hosp,quantile,0.75,627.6813022962617
44,2026-02-14,0,2026-02-14,wk inc flu hosp,quantile,0.75,21.84792751016358
45,2026-02-14,0,2026-02-14,wk inc flu hosp,quantile,0.75,174.14625090665453
46,2026-02-14,0,2026-02-14,wk inc flu hosp,quantile,0.75,50.74333096347485
47,2026-02-14,0,2026-02-14,wk inc flu hosp,quantile,0.75,294.6183719292264
48,2026-02-14,0,2026-02-14,wk inc flu hosp,quantile,0.75,1219.556986645164
49,2026-02-14,0,2026-02-14,wk inc flu hosp,quantile,0.75,91.75113615688531
50,2026-02-14,0,2026-02-14,wk inc flu hosp,quantile,0.75,25.12316917339359
51,2026-02-14,0,2026-02-14,wk inc flu hosp,quantile,0.75,223.10053892341855
53,2026-02-14,0,2026-02-14,wk inc flu hosp,quantile,0.75,402.82261515656506
54,2026-02-14,0,2026-02-14,wk inc flu hosp,quantile,0.75,136.32544062286684
55,2026-02-14,0,2026-02-14,wk inc flu hosp,quantile,0.75,233.78952660111028
56,2026-02-14,0,2026-02-14,wk inc flu hosp,quantile,0.75,20.81191806873144
72,2026-02-14,0,2026-02-14,wk inc flu hosp,quantile,0.75,167.64682850619323
01,2026-02-14,1,2026-02-21,wk inc flu hosp,quantile,0.75,332.9481447824298
02,2026-02-14,1,2026-02-21,wk inc flu hosp,quantile,0.75,11.562119960192474
04,2026-02-14,1,2026-02-21,wk inc flu hosp,quantile,0.75,356.97813467057966
05,2026-02-14,1,2026-02-21,wk inc flu hosp,quantile,0.75,167.88359699966844
06,2026-02-14,1,2026-02-21,wk inc flu hosp,quantile,0.75,1785.906262801134
08,2026-02-14,1,2026-02-21,wk inc flu hosp,quantile,0.75,118.20530948933062
09,2026-02-14,1,2026-02-21,wk inc flu hosp,quantile,0.75,46.3124018440043
10,2026-02-14,1,2026-02-21,wk inc flu hosp,quantile,0.75,33.06953659544762
11,2026-02-14,1,2026-02-21,wk inc flu hosp,quantile,0.75,4.907393846616283
12,2026-02-14,1,2026-02-21,wk inc flu hosp,quantile,0.75,1317.9407456243412
13,2026-02-14,1,2026-02-21,wk inc flu hosp,quantile,0.75,317.22187904344975
15,2026-02-14,1,2026-02-21,wk inc flu hosp,quantile,0.75,24.45426097568802
16,2026-02-14,1,2026-02-21,wk inc flu hosp,quantile,0.75,108.49630450510999
17,2026-02-14,1,2026-02-21,wk inc flu hosp,quantile,0.75,396.878290522024
18,2026-02-14,1,2026-02-21,wk inc flu hosp,quantile,0.75,289.5561289139986
19,2026-02-14,1,2026-02-21,wk inc flu hosp,quantile,0.75,160.85603237767467
20,2026-02-14,1,2026-02-21,wk inc flu hosp,quantile,0.75,169.16712987766127
21,2026-02-14,1,2026-02-21,wk inc flu hosp,quantile,0.75,186.74429987765257
22,2026-02-14,1,2026-02-21,wk inc flu hosp,quantile,0.75,242.2891793771385
23,2026-02-14,1,2026-02-21,wk inc flu hosp,quantile,0.75,46.22333655386737
24,2026-02-14,1,2026-02-21,wk inc flu hosp,quantile,0.75,60.3596771698663
25,2026-02-14,1,2026-02-21,wk inc flu hosp,quantile,0.75,87.67959347739762
26,2026-02-14,1,2026-02-21,wk inc flu hosp,quantile,0.75,227.80065611116302
27,2026-02-14,1,2026-02-21,wk inc flu hosp,quantile,0.75,143.57723258663853
28,2026-02-14,1,2026-02-21,wk inc flu hosp,quantile,0.75,183.4630955202805
29,2026-02-14,1,2026-02-21,wk inc flu hosp,quantile,0.75,249.67900377732306
30,2026-02-14,1,2026-02-21,wk inc flu hosp,quantile,0.75,64.95593769871188
31,2026-02-14,1,2026-02-21,wk inc flu hosp,quantile,0.75,117.80941241707785
32,2026-02-14,1,2026-02-21,wk inc flu hosp,quantile,0.75,95.1631633900723
33,2026-02-14,1,2026-02-21,wk inc flu hosp,quantile,0.75,36.45638191292412
34,2026-02-14,1,2026-02-21,wk inc flu hosp,quantile,0.75,161.1725748560539
35,2026-02-14,1,2026-02-21,wk inc flu hosp,quantile,0.75,141.32074235820278
36,2026-02-14,1,2026-02-21,wk inc flu hosp,quantile,0.75,187.20894044900064
37,2026-02-14,1,2026-02-21,wk inc flu hosp,quantile,0.75,299.974914441003
38,2026-02-14,1,2026-02-21,wk inc flu hosp,quantile,0.75,37.77170760773067
39,2026-02-14,1,2026-02-21,wk inc flu hosp,quantile,0.75,406.53262935312335
40,2026-02-14,1,2026-02-21,wk inc flu hosp,quantile,0.75,183.75441692699422
41,2026-02-14,1,2026-02-21,wk inc flu hosp,quantile,0.75,383.95952752348273
42,2026-02-14,1,2026-02-21,wk inc flu hosp,quantile,0.75,554.2934528712171
44,2026-02-14,1,2026-02-21,wk inc flu hosp,quantile,0.75,19.026383944049396
45,2026-02-14,1,2026-02-21,wk inc flu hosp,quantile,0.75,163.38485309202832
46,2026-02-14,1,2026-02-21,wk inc flu hosp,quantile,0.75,46.9175646994489
47,2026-02-14,1,2026-02-21,wk inc flu hosp,quantile,0.75,277.15985093985466
48,2026-02-14,1,2026-02-21,wk inc flu hosp,quantile,0.75,1187.0276349515261
49,2026-02-14,1,2026-02-21,wk inc flu hosp,quantile,0.75,86.99071308093343
50,2026-02-14,1,2026-02-21,wk inc flu hosp,quantile,0.75,23.091798144830396
51,2026-02-14,1,2026-02-21,wk inc flu hosp,quantile,0.75,197.22204663339681
53,2026-02-14,1,2026-02-21,wk inc flu hosp,quantile,0.75,406.84367038842606
54,2026-02-14,1,2026-02-21,wk inc flu hosp,quantile,0.75,125.44717699067095
55,2026-02-14,1,2026-02-21,wk inc flu hosp,quantile,0.75,208.91178219869363
56,2026-02-14,1,2026-02-21,wk inc flu hosp,quantile,0.75,20.639023778612675
72,2026-02-14,1,2026-02-21,wk inc flu hosp,quantile,0.75,163.8032886260193
01,2026-02-14,2,2026-02-28,wk inc flu hosp,quantile,0.75,304.1751050144216
02,2026-02-14,2,2026-02-28,wk inc flu hosp,quantile,0.75,10.674207179957964
04,2026-02-14,2,2026-02-28,wk inc flu hosp,quantile,0.75,338.96448067149424
05,2026-02-14,2,2026-02-28,wk inc flu hosp,quantile,0.75,155.83922639034898
06,2026-02-14,2,2026-02-28,wk inc flu hosp,quantile,0.75,1635.8199172067598
08,2026-02-14,2,2026-02-28,wk inc flu hosp,quantile,0.75,109.93784317637112
09,2026-02-14,2,2026-02-28,wk inc flu hosp,quantile,0.75,40.73447094530013
10,2026-02-14,2,2026-02-28,wk inc flu hosp,quantile,0.75,29.018455557076507
11,2026-02-14,2,2026-02-28,wk inc flu hosp,quantile,0.75,4.24061836742558
12,2026-02-14,2,2026-02-28,wk inc flu hosp,quantile,0.75,1191.2856242828682
13,2026-02-14,2,2026-02-28,wk inc flu hosp,quantile,0.75,293.7428100583499
15,2026-02-14,2,2026-02-28,wk inc flu hosp,quantile,0.75,22.8403183529219
16,2026-02-14,2,2026-02-28,wk inc flu hosp,quantile,0.75,99.7302985940337
17,2026-02-14,2,2026-02-28,wk inc flu hosp,quantile,0.75,359.13320864742195
18,2026-02-14,2,2026-02-28,wk inc flu hosp,quantile,0.75,267.13313089672846
19,2026-02-14,2,2026-02-28,wk inc flu hosp,quantile,0.75,142.60515547280676
20,2026-02-14,2,2026-02-28,wk inc flu hosp,quantile,0.75,150.25138641286892
21,2026-02-14,2,2026-02-28,wk inc flu hosp,quantile,0.75,170.33423796095252
22,2026-02-14,2,2026-02-28,wk inc flu hosp,quantile,0.75,219.1292578838754
23,2026-02-14,2,2026-02-28,wk inc flu hosp,quantile,0.75,41.74589894154402
24,2026-02-14,2,2026-02-28,wk inc flu hosp,quantile,0.75,55.03792790642408
25,2026-02-14,2,2026-02-28,wk inc flu hosp,quantile,0.75,78.59474716443107
26,2026-02-14,2,2026-02-28,wk inc flu hosp,quantile,0.75,212.37633688829945
27,2026-02-14,2,2026-02-28,wk inc flu hosp,quantile,0.75,129.6533660897435
28,2026-02-14,2,2026-02-28,wk inc flu hosp,quantile,0.75,173.70241772922148
29,2026-02-14,2,2026-02-28,wk inc flu hosp,quantile,0.75,222.4035654761767
30,2026-02-14,2,2026-02-28,wk inc flu hosp,quantile,0.75,59.94610913110245
31,2026-02-14,2,2026-02-28,wk inc flu hosp,quantile,0.75,104.86680167233378
32,2026-02-14,2,2026-02-28,wk inc flu hosp,quantile,0.75,88.80639581234855
33,2026-02-14,2,2026-02-28,wk inc flu hosp,quantile,0.75,32.02428665960684
34,2026-02-14,2,2026-02-28,wk inc flu hosp,quantile,0.75,142.4160232279127
35,2026-02-14,2,2026-02-28,wk inc flu hosp,quantile,0.75,125.82285434890817
36,2026-02-14,2,2026-02-28,wk inc flu hosp,quantile,0.75,168.19545323933193
37,2026-02-14,2,2026-02-28,wk inc flu hosp,quantile,0.75,273.4154458743815
38,2026-02-14,2,2026-02-28,wk inc flu hosp,quantile,0.75,33.98311360541284
39,2026-02-14,2,2026-02-28,wk inc flu hosp,quantile,0.75,367.4268907767823
40,2026-02-14,2,2026-02-28,wk inc flu hosp,quantile,0.75,170.57854253971192
41,2026-02-14,2,2026-02-28,wk inc flu hosp,quantile,0.75,351.8476863763496
42,2026-02-14,2,2026-02-28,wk inc flu hosp,quantile,0.75,495.5669544776847
44,2026-02-14,2,2026-02-28,wk inc flu hosp,quantile,0.75,16.92442732596025
45,2026-02-14,2,2026-02-28,wk inc flu hosp,quantile,0.75,148.10633052361916
46,2026-02-14,2,2026-02-28,wk inc flu hosp,quantile,0.75,42.20155407890835
47,2026-02-14,2,2026-02-28,wk inc flu hosp,quantile,0.75,255.4852938546941
48,2026-02-14,2,2026-02-28,wk inc flu hosp,quantile,0.75,1101.661679351956
49,2026-02-14,2,2026-02-28,wk inc flu hosp,quantile,0.75,78.22345486584257
50,2026-02-14,2,2026-02-28,wk inc flu hosp,quantile,0.75,21.18998552640616
51,2026-02-14,2,2026-02-28,wk inc flu hosp,quantile,0.75,180.9098784264797
53,2026-02-14,2,2026-02-28,wk inc flu hosp,quantile,0.75,382.02397373137757
54,2026-02-14,2,2026-02-28,wk inc flu hosp,quantile,0.75,113.69425614051474
55,2026-02-14,2,2026-02-28,wk inc flu hosp,quantile,0.75,188.77956793151668
56,2026-02-14,2,2026-02-28,wk inc flu hosp,quantile,0.75,19.04905845900856
72,2026-02-14,2,2026-02-28,wk inc flu hosp,quantile,0.75,155.20394351478825
01,2026-02-14,3,2026-03-07,wk inc flu hosp,quantile,0.75,280.3011870706865
02,2026-02-14,3,2026-03-07,wk inc flu hosp,quantile,0.75,10.539687963413314
04,2026-02-14,3,2026-03-07,wk inc flu hosp,quantile,0.75,325.30404873149865
05,2026-02-14,3,2026-03-07,wk inc flu hosp,quantile,0.75,144.52066636225703
06,2026-02-14,3,2026-03-07,wk inc flu hosp,quantile,0.75,1501.3390241544175
08,2026-02-14,3,2026-03-07,wk inc flu hosp,quantile,0.75,101.4733881585097
09,2026-02-14,3,2026-03-07,wk inc flu hosp,quantile,0.75,38.67707663341912
10,2026-02-14,3,2026-03-07,wk inc flu hosp,quantile,0.75,26.69156779653454
11,2026-02-14,3,2026-03-07,wk inc flu hosp,quantile,0.75,4.043479848140431
12,2026-02-14,3,2026-03-07,wk inc flu hosp,quantile,0.75,1088.2598117353407
13,2026-02-14,3,2026-03-07,wk inc flu hosp,quantile,0.75,273.89967850493395
15,2026-02-14,3,2026-03-07,wk inc flu hosp,quantile,0.75,22.177727642484495
16,2026-02-14,3,2026-03-07,wk inc flu hosp,quantile,0.75,92.08566129755373
17,2026-02-14,3,2026-03-07,wk inc flu hosp,quantile,0.75,334.6223128906735
18,2026-02-14,3,2026-03-07,wk inc flu hosp,quantile,0.75,251.1118009689887
19,2026-02-14,3,2026-03-07,wk inc flu hosp,quantile,0.75,129.04797701171785
20,2026-02-14,3,2026-03-07,wk inc flu hosp,quantile,0.75,138.14308841187616
21,2026-02-14,3,2026-03-07,wk inc flu hosp,quantile,0.75,156.55444219380362
22,2026-02-14,3,2026-03-07,wk inc flu hosp,quantile,0.75,199.3964341772441
23,2026-02-14,3,2026-03-07,wk inc flu hosp,quantile,0.75,39.0170561652923
24,2026-02-14,3,2026-03-07,wk inc flu hosp,quantile,0.75,51.72933258343845
25,2026-02-14,3,2026-03-07,wk inc flu hosp,quantile,0.75,74.50968507268662
26,2026-02-14,3,2026-03-07,wk inc flu hosp,quantile,0.75,204.41324655527578
27,2026-02-14,3,2026-03-07,wk inc flu hosp,quantile,0.75,120.34982983900508
28,2026-02-14,3,2026-03-07,wk inc flu hosp,quantile,0.75,161.5066104242622
29,2026-02-14,3,2026-03-07,wk inc flu hosp,quantile,0.75,201.87596031306143
30,2026-02-14,3,2026-03-07,wk inc flu hosp,quantile,0.75,57.44353483288976
31,2026-02-14,3,2026-03-07,wk inc flu hosp,quantile,0.75,95.16367614168912
32,2026-02-14,3,2026-03-07,wk inc flu hosp,quantile,0.75,82.97082206565875
33,2026-02-14,3,2026-03-07,wk inc flu hosp,quantile,0.75,29.471048602390965
34,2026-02-14,3,2026-03-07,wk inc flu hosp,quantile,0.75,133.62368233400142
35,2026-02-14,3,2026-03-07,wk inc flu hosp,quantile,0.75,115.69870196562196
36,2026-02-14,3,2026-03-07,wk inc flu hosp,quantile,0.75,160.88170777601636
37,2026-02-14,3,2026-03-07,wk inc flu hosp,quantile,0.75,254.52745436557706
38,2026-02-14,3,2026-03-07,wk inc flu hosp,quantile,0.75,31.79143385913539
39,2026-02-14,3,2026-03-07,wk inc flu hosp,quantile,0.75,346.99450020492264
40,2026-02-14,3,2026-03-07,wk inc flu hosp,quantile,0.75,156.4217693971812
41,2026-02-14,3,2026-03-07,wk inc flu hosp,quantile,0.75,315.8632377771915
42,2026-02-14,3,2026-03-07,wk inc flu hosp,quantile,0.75,466.44861389513244
44,2026-02-14,3,2026-03-07,wk inc flu hosp,quantile,0.75,15.545616199452283
45,2026-02-14,3,2026-03-07,wk inc flu hosp,quantile,0.75,138.94071483179516
46,2026-02-14,3,2026-03-07,wk inc flu hosp,quantile,0.75,38.456805893873955
47,2026-02-14,3,2026-03-07,wk inc flu hosp,quantile,0.75,238.06738231751916
48,2026-02-14,3,2026-03-07,wk inc flu hosp,quantile,0.75,1010.1356798247473
49,2026-02-14,3,2026-03-07,wk inc flu hosp,quantile,0.75,72.1154241896672
50,2026-02-14,3,2026-03-07,wk inc flu hosp,quantile,0.75,19.671606776897335
51,2026-02-14,3,2026-03-07,wk inc flu hosp,quantile,0.75,167.84479581107237
53,2026-02-14,3,2026-03-07,wk inc flu hosp,quantile,0.75,355.226800968995
54,2026-02-14,3,2026-03-07,wk inc flu hosp,quantile,0.75,103.66815500815373
55,2026-02-14,3,2026-03-07,wk inc flu hosp,quantile,0.75,176.89031933420114
56,2026-02-14,3,2026-03-07,wk inc flu hosp,quantile,0.75,18.093425477276618
72,2026-02-14,3,2026-03-07,wk inc flu hosp,quantile,0.75,152.51862222219702
01,2026-02-14,0,2026-02-14,wk inc flu hosp,quantile,0.8,348.7863841295236
02,2026-02-14,0,2026-02-14,wk inc flu hosp,quantile,0.8,13.386459683440915
04,2026-02-14,0,2026-02-14,wk inc flu hosp,quantile,0.8,368.90111131351574
05,2026-02-14,0,2026-02-14,wk inc flu hosp,quantile,0.8,173.00211267919354
06,2026-02-14,0,2026-02-14,wk inc flu hosp,quantile,0.8,1880.0892504568553
08,2026-02-14,0,2026-02-14,wk inc flu hosp,quantile,0.8,127.82039112509426
09,2026-02-14,0,2026-02-14,wk inc flu hosp,quantile,0.8,52.677148291574426
10,2026-02-14,0,2026-02-14,wk inc flu hosp,quantile,0.8,39.46618262206193
11,2026-02-14,0,2026-02-14,wk inc flu hosp,quantile,0.8,6.00193644831278
12,2026-02-14,0,2026-02-14,wk inc flu hosp,quantile,0.8,1468.1088236498872
13,2026-02-14,0,2026-02-14,wk inc flu hosp,quantile,0.8,347.40127214746104
15,2026-02-14,0,2026-02-14,wk inc flu hosp,quantile,0.8,27.244429035153875
16,2026-02-14,0,2026-02-14,wk inc flu hosp,quantile,0.8,117.02745977652893
17,2026-02-14,0,2026-02-14,wk inc flu hosp,quantile,0.8,452.20309165126264
18,2026-02-14,0,2026-02-14,wk inc flu hosp,quantile,0.8,320.80209799999506
19,2026-02-14,0,2026-02-14,wk inc flu hosp,quantile,0.8,181.6443063026792
20,2026-02-14,0,2026-02-14,wk inc flu hosp,quantile,0.8,188.73251906228583
21,2026-02-14,0,2026-02-14,wk inc flu hosp,quantile,0.8,211.6916443681952
22,2026-02-14,0,2026-02-14,wk inc flu hosp,quantile,0.8,268.05091229558775
23,2026-02-14,0,2026-02-14,wk inc flu hosp,quantile,0.8,53.35970354194052
24,2026-02-14,0,2026-02-14,wk inc flu hosp,quantile,0.8,72.51330144139791
25,2026-02-14,0,2026-02-14,wk inc flu hosp,quantile,0.8,103.36977816050059
26,2026-02-14,0,2026-02-14,wk inc flu hosp,quantile,0.8,261.342901860966
27,2026-02-14,0,2026-02-14,wk inc flu hosp,quantile,0.8,165.08038201039363
28,2026-02-14,0,2026-02-14,wk inc flu hosp,quantile,0.8,193.42354716953048
29,2026-02-14,0,2026-02-14,wk inc flu hosp,quantile,0.8,280.6196783220023
30,2026-02-14,0,2026-02-14,wk inc flu hosp,quantile,0.8,71.95655587735575
31,2026-02-14,0,2026-02-14,wk inc flu hosp,quantile,0.8,131.89762444002358
32,2026-02-14,0,2026-02-14,wk inc flu hosp,quantile,0.8,104.12308575670168
33,2026-02-14,0,2026-02-14,wk inc flu hosp,quantile,0.8,43.36200954184149
34,2026-02-14,0,2026-02-14,wk inc flu hosp,quantile,0.8,183.41452134708982
35,2026-02-14,0,2026-02-14,wk inc flu hosp,quantile,0.8,151.0205161881481
36,2026-02-14,0,2026-02-14,wk inc flu hosp,quantile,0.8,213.60422072622083
37,2026-02-14,0,2026-02-14,wk inc flu hosp,quantile,0.8,346.7268470135725
38,2026-02-14,0,2026-02-14,wk inc flu hosp,quantile,0.8,42.09874999618456
39,2026-02-14,0,2026-02-14,wk inc flu hosp,quantile,0.8,460.8537159482859
40,2026-02-14,0,2026-02-14,wk inc flu hosp,quantile,0.8,189.3897476646344
41,2026-02-14,0,2026-02-14,wk inc flu hosp,quantile,0.8,408.0330800393612
42,2026-02-14,0,2026-02-14,wk inc flu hosp,quantile,0.8,639.5824085115354
44,2026-02-14,0,2026-02-14,wk inc flu hosp,quantile,0.8,22.209165697312773
45,2026-02-14,0,2026-02-14,wk inc flu hosp,quantile,0.8,179.59667234736838
46,2026-02-14,0,2026-02-14,wk inc flu hosp,quantile,0.8,52.307397829531816
47,2026-02-14,0,2026-02-14,wk inc flu hosp,quantile,0.8,299.2711563964807
48,2026-02-14,0,2026-02-14,wk inc flu hosp,quantile,0.8,1233.416657516346
49,2026-02-14,0,2026-02-14,wk inc flu hosp,quantile,0.8,94.55660510080669
50,2026-02-14,0,2026-02-14,wk inc flu hosp,quantile,0.8,25.779300036110165
51,2026-02-14,0,2026-02-14,wk inc flu hosp,quantile,0.8,229.87060386674997
53,2026-02-14,0,2026-02-14,wk inc flu hosp,quantile,0.8,420.37763660535865
54,2026-02-14,0,2026-02-14,wk inc flu hosp,quantile,0.8,140.12666712062833
55,2026-02-14,0,2026-02-14,wk inc flu hosp,quantile,0.8,238.1752632744041
56,2026-02-14,0,2026-02-14,wk inc flu hosp,quantile,0.8,22.1896921317251
72,2026-02-14,0,2026-02-14,wk inc flu hosp,quantile,0.8,179.16267787644264
01,2026-02-14,1,2026-02-21,wk inc flu hosp,quantile,0.8,341.08452864863244
02,2026-02-14,1,2026-02-21,wk inc flu hosp,quantile,0.8,13.117539238454844
04,2026-02-14,1,2026-02-21,wk inc flu hosp,quantile,0.8,379.91162583358613
05,2026-02-14,1,2026-02-21,wk inc flu hosp,quantile,0.8,171.0344338215026
06,2026-02-14,1,2026-02-21,wk inc flu hosp,quantile,0.8,1867.2264676409038
08,2026-02-14,1,2026-02-21,wk inc flu hosp,quantile,0.8,124.46979100877303
09,2026-02-14,1,2026-02-21,wk inc flu hosp,quantile,0.8,48.64518905194803
10,2026-02-14,1,2026-02-21,wk inc flu hosp,quantile,0.8,34.77391545870083
11,2026-02-14,1,2026-02-21,wk inc flu hosp,quantile,0.8,5.379578761531323
12,2026-02-14,1,2026-02-21,wk inc flu hosp,quantile,0.8,1368.6675680305923
13,2026-02-14,1,2026-02-21,wk inc flu hosp,quantile,0.8,330.7587488724485
15,2026-02-14,1,2026-02-21,wk inc flu hosp,quantile,0.8,26.365999891048936
16,2026-02-14,1,2026-02-21,wk inc flu hosp,quantile,0.8,116.28842504122319
17,2026-02-14,1,2026-02-21,wk inc flu hosp,quantile,0.8,415.7072309405959
18,2026-02-14,1,2026-02-21,wk inc flu hosp,quantile,0.8,303.004505687345
19,2026-02-14,1,2026-02-21,wk inc flu hosp,quantile,0.8,167.88155091349543
20,2026-02-14,1,2026-02-21,wk inc flu hosp,quantile,0.8,176.58648947995226
21,2026-02-14,1,2026-02-21,wk inc flu hosp,quantile,0.8,197.8532012037194
22,2026-02-14,1,2026-02-21,wk inc flu hosp,quantile,0.8,254.01660361784585
23,2026-02-14,1,2026-02-21,wk inc flu hosp,quantile,0.8,49.209189614164515
24,2026-02-14,1,2026-02-21,wk inc flu hosp,quantile,0.8,64.61335831054181
25,2026-02-14,1,2026-02-21,wk inc flu hosp,quantile,0.8,91.82865256867673
26,2026-02-14,1,2026-02-21,wk inc flu hosp,quantile,0.8,243.25205155784684
27,2026-02-14,1,2026-02-21,wk inc flu hosp,quantile,0.8,151.34153578947758
28,2026-02-14,1,2026-02-21,wk inc flu hosp,quantile,0.8,188.1247962058955
29,2026-02-14,1,2026-02-21,wk inc flu hosp,quantile,0.8,258.75790808957015
30,2026-02-14,1,2026-02-21,wk inc flu hosp,quantile,0.8,70.05797682080626
31,2026-02-14,1,2026-02-21,wk inc flu hosp,quantile,0.8,124.85881098683
32,2026-02-14,1,2026-02-21,wk inc flu hosp,quantile,0.8,104.8673728896124
33,2026-02-14,1,2026-02-21,wk inc flu hosp,quantile,0.8,38.20463228067326
34,2026-02-14,1,2026-02-21,wk inc flu hosp,quantile,0.8,167.46291440077653
35,2026-02-14,1,2026-02-21,wk inc flu hosp,quantile,0.8,144.4947626239787
36,2026-02-14,1,2026-02-21,wk inc flu hosp,quantile,0.8,191.37990949431128
37,2026-02-14,1,2026-02-21,wk inc flu hosp,quantile,0.8,320.0387965646695
38,2026-02-14,1,2026-02-21,wk inc flu hosp,quantile,0.8,39.31252540387171
39,2026-02-14,1,2026-02-21,wk inc flu hosp,quantile,0.8,427.16923698924745
40,2026-02-14,1,2026-02-21,wk inc flu hosp,quantile,0.8,191.13585900358058
41,2026-02-14,1,2026-02-21,wk inc flu hosp,quantile,0.8,403.6186552576979
42,2026-02-14,1,2026-02-21,wk inc flu hosp,quantile,0.8,586.3395906502199
44,2026-02-14,1,2026-02-21,wk inc flu hosp,quantile,0.8,19.9963664180946
45,2026-02-14,1,2026-02-21,wk inc flu hosp,quantile,0.8,170.61793977775
46,2026-02-14,1,2026-02-21,wk inc flu hosp,quantile,0.8,49.64618604149569
47,2026-02-14,1,2026-02-21,wk inc flu hosp,quantile,0.8,287.02770870515155
48,2026-02-14,1,2026-02-21,wk inc flu hosp,quantile,0.8,1204.914145674865
49,2026-02-14,1,2026-02-21,wk inc flu hosp,quantile,0.8,90.09003571725852
50,2026-02-14,1,2026-02-21,wk inc flu hosp,quantile,0.8,24.12574796944994
51,2026-02-14,1,2026-02-21,wk inc flu hosp,quantile,0.8,207.98864566750612
53,2026-02-14,1,2026-02-21,wk inc flu hosp,quantile,0.8,418.14377286418073
54,2026-02-14,1,2026-02-21,wk inc flu hosp,quantile,0.8,131.4312295626298
55,2026-02-14,1,2026-02-21,wk inc flu hosp,quantile,0.8,217.5090310790089
56,2026-02-14,1,2026-02-21,wk inc flu hosp,quantile,0.8,22.0192883990819
72,2026-02-14,1,2026-02-21,wk inc flu hosp,quantile,0.8,177.59472302831196
01,2026-02-14,2,2026-02-28,wk inc flu hosp,quantile,0.8,316.80183635511054
02,2026-02-14,2,2026-02-28,wk inc flu hosp,quantile,0.8,12.343898795099587
04,2026-02-14,2,2026-02-28,wk inc flu hosp,quantile,0.8,371.2315107733436
05,2026-02-14,2,2026-02-28,wk inc flu hosp,quantile,0.8,156.9966353937041
06,2026-02-14,2,2026-02-28,wk inc flu hosp,quantile,0.8,1710.3230779036733
08,2026-02-14,2,2026-02-28,wk inc flu hosp,quantile,0.8,113.44656355745519
09,2026-02-14,2,2026-02-28,wk inc flu hosp,quantile,0.8,44.50800844689953
10,2026-02-14,2,2026-02-28,wk inc flu hosp,quantile,0.8,30.914003554112515
11,2026-02-14,2,2026-02-28,wk inc flu hosp,quantile,0.8,4.871737234517824
12,2026-02-14,2,2026-02-28,wk inc flu hosp,quantile,0.8,1254.873814241359
13,2026-02-14,2,2026-02-28,wk inc flu hosp,quantile,0.8,309.35288033715403
15,2026-02-14,2,2026-02-28,wk inc flu hosp,quantile,0.8,25.145421819728835
16,2026-02-14,2,2026-02-28,wk inc flu hosp,quantile,0.8,108.0850049673794
17,2026-02-14,2,2026-02-28,wk inc flu hosp,quantile,0.8,378.27520991761423
18,2026-02-14,2,2026-02-28,wk inc flu hosp,quantile,0.8,283.9044035503383
19,2026-02-14,2,2026-02-28,wk inc flu hosp,quantile,0.8,149.87677753436745
20,2026-02-14,2,2026-02-28,wk inc flu hosp,quantile,0.8,158.1884679562762
21,2026-02-14,2,2026-02-28,wk inc flu hosp,quantile,0.8,183.46503989102104
22,2026-02-14,2,2026-02-28,wk inc flu hosp,quantile,0.8,232.52791807554703
23,2026-02-14,2,2026-02-28,wk inc flu hosp,quantile,0.8,45.56734733322123
24,2026-02-14,2,2026-02-28,wk inc flu hosp,quantile,0.8,59.513046275798054
25,2026-02-14,2,2026-02-28,wk inc flu hosp,quantile,0.8,84.58185160563046
26,2026-02-14,2,2026-02-28,wk inc flu hosp,quantile,0.8,227.37141200542465
27,2026-02-14,2,2026-02-28,wk inc flu hosp,quantile,0.8,138.84864054064937
28,2026-02-14,2,2026-02-28,wk inc flu hosp,quantile,0.8,177.736465725417
29,2026-02-14,2,2026-02-28,wk inc flu hosp,quantile,0.8,230.28570969044935
30,2026-02-14,2,2026-02-28,wk inc flu hosp,quantile,0.8,65.73989146472681
31,2026-02-14,2,2026-02-28,wk inc flu hosp,quantile,0.8,112.46096569566458
32,2026-02-14,2,2026-02-28,wk inc flu hosp,quantile,0.8,98.69181979106067
33,2026-02-14,2,2026-02-28,wk inc flu hosp,quantile,0.8,34.378321513832624
34,2026-02-14,2,2026-02-28,wk inc flu hosp,quantile,0.8,153.2923389434751
35,2026-02-14,2,2026-02-28,wk inc flu hosp,quantile,0.8,131.2637521291954
36,2026-02-14,2,2026-02-28,wk inc flu hosp,quantile,0.8,179.48134561625037
37,2026-02-14,2,2026-02-28,wk inc flu hosp,quantile,0.8,292.6085837733075
38,2026-02-14,2,2026-02-28,wk inc flu hosp,quantile,0.8,36.11259726441402
39,2026-02-14,2,2026-02-28,wk inc flu hosp,quantile,0.8,386.0378905547683
40,2026-02-14,2,2026-02-28,wk inc flu hosp,quantile,0.8,178.76407368401203
41,2026-02-14,2,2026-02-28,wk inc flu hosp,quantile,0.8,372.1363814090513
42,2026-02-14,2,2026-02-28,wk inc flu hosp,quantile,0.8,532.8019179833786
44,2026-02-14,2,2026-02-28,wk inc flu hosp,quantile,0.8,18.050743990699022
45,2026-02-14,2,2026-02-28,wk inc flu hosp,quantile,0.8,157.10749707294156
46,2026-02-14,2,2026-02-28,wk inc flu hosp,quantile,0.8,45.14534932561816
47,2026-02-14,2,2026-02-28,wk inc flu hosp,quantile,0.8,266.99499163901976
48,2026-02-14,2,2026-02-28,wk inc flu hosp,quantile,0.8,1120.561997356626
49,2026-02-14,2,2026-02-28,wk inc flu hosp,quantile,0.8,81.89109329625498
50,2026-02-14,2,2026-02-28,wk inc flu hosp,quantile,0.8,22.192570326447083
51,2026-02-14,2,2026-02-28,wk inc flu hosp,quantile,0.8,193.6496278430672
53,2026-02-14,2,2026-02-28,wk inc flu hosp,quantile,0.8,391.4007071805446
54,2026-02-14,2,2026-02-28,wk inc flu hosp,quantile,0.8,120.30139808151722
55,2026-02-14,2,2026-02-28,wk inc flu hosp,quantile,0.8,198.77775545042408
56,2026-02-14,2,2026-02-28,wk inc flu hosp,quantile,0.8,20.81696945456866
72,2026-02-14,2,2026-02-28,wk inc flu hosp,quantile,0.8,171.0545414795253
01,2026-02-14,3,2026-03-07,wk inc flu hosp,quantile,0.8,295.24478139097255
02,2026-02-14,3,2026-03-07,wk inc flu hosp,quantile,0.8,12.041629692745113
04,2026-02-14,3,2026-03-07,wk inc flu hosp,quantile,0.8,357.622822839193
05,2026-02-14,3,2026-03-07,wk inc flu hosp,quantile,0.8,150.06495095452138
06,2026-02-14,3,2026-03-07,wk inc flu hosp,quantile,0.8,1582.765681602083
08,2026-02-14,3,2026-03-07,wk inc flu hosp,quantile,0.8,107.4750909185969
09,2026-02-14,3,2026-03-07,wk inc flu hosp,quantile,0.8,41.6735480241014
10,2026-02-14,3,2026-03-07,wk inc flu hosp,quantile,0.8,28.058060596814396
11,2026-02-14,3,2026-03-07,wk inc flu hosp,quantile,0.8,4.6406250674253124
12,2026-02-14,3,2026-03-07,wk inc flu hosp,quantile,0.8,1175.1166720820377
13,2026-02-14,3,2026-03-07,wk inc flu hosp,quantile,0.8,294.0478067543277
15,2026-02-14,3,2026-03-07,wk inc flu hosp,quantile,0.8,24.36226754254098
16,2026-02-14,3,2026-03-07,wk inc flu hosp,quantile,0.8,102.30790798110985
17,2026-02-14,3,2026-03-07,wk inc flu hosp,quantile,0.8,350.9185387524172
18,2026-02-14,3,2026-03-07,wk inc flu hosp,quantile,0.8,269.6781013019172
19,2026-02-14,3,2026-03-07,wk inc flu hosp,quantile,0.8,137.71471016668738
20,2026-02-14,3,2026-03-07,wk inc flu hosp,quantile,0.8,144.9566769490931
21,2026-02-14,3,2026-03-07,wk inc flu hosp,quantile,0.8,170.18909324372646
22,2026-02-14,3,2026-03-07,wk inc flu hosp,quantile,0.8,214.04269995130875
23,2026-02-14,3,2026-03-07,wk inc flu hosp,quantile,0.8,42.63654555293603
24,2026-02-14,3,2026-03-07,wk inc flu hosp,quantile,0.8,57.26355221539677
25,2026-02-14,3,2026-03-07,wk inc flu hosp,quantile,0.8,81.77123807870342
26,2026-02-14,3,2026-03-07,wk inc flu hosp,quantile,0.8,218.44767084317633
27,2026-02-14,3,2026-03-07,wk inc flu hosp,quantile,0.8,130.82720602564038
28,2026-02-14,3,2026-03-07,wk inc flu hosp,quantile,0.8,171.46842816570447
29,2026-02-14,3,2026-03-07,wk inc flu hosp,quantile,0.8,215.14721358701087
30,2026-02-14,3,2026-03-07,wk inc flu hosp,quantile,0.8,61.9538526545269
31,2026-02-14,3,2026-03-07,wk inc flu hosp,quantile,0.8,102.99885833302967
32,2026-02-14,3,2026-03-07,wk inc flu hosp,quantile,0.8,94.58222700652566
33,2026-02-14,3,2026-03-07,wk inc flu hosp,quantile,0.8,31.784911659070946
34,2026-02-14,3,2026-03-07,wk inc flu hosp,quantile,0.8,146.69685377070778
35,2026-02-14,3,2026-03-07,wk inc flu hosp,quantile,0.8,121.918606058166
36,2026-02-14,3,2026-03-07,wk inc flu hosp,quantile,0.8,172.54105177066776
37,2026-02-14,3,2026-03-07,wk inc flu hosp,quantile,0.8,277.11169704123023
38,2026-02-14,3,2026-03-07,wk inc flu hosp,quantile,0.8,33.63048993806485
39,2026-02-14,3,2026-03-07,wk inc flu hosp,quantile,0.8,366.8987140738483
40,2026-02-14,3,2026-03-07,wk inc flu hosp,quantile,0.8,168.2124656498952
41,2026-02-14,3,2026-03-07,wk inc flu hosp,quantile,0.8,336.10380241079633
42,2026-02-14,3,2026-03-07,wk inc flu hosp,quantile,0.8,500.5627138634281
44,2026-02-14,3,2026-03-07,wk inc flu hosp,quantile,0.8,16.958144107684138
45,2026-02-14,3,2026-03-07,wk inc flu hosp,quantile,0.8,148.36848851202024
46,2026-02-14,3,2026-03-07,wk inc flu hosp,quantile,0.8,41.68150187918849
47,2026-02-14,3,2026-03-07,wk inc flu hosp,quantile,0.8,250.06192682172485
48,2026-02-14,3,2026-03-07,wk inc flu hosp,quantile,0.8,1053.3129353103984
49,2026-02-14,3,2026-03-07,wk inc flu hosp,quantile,0.8,76.91809610812689
50,2026-02-14,3,2026-03-07,wk inc flu hosp,quantile,0.8,20.98346334907793
51,2026-02-14,3,2026-03-07,wk inc flu hosp,quantile,0.8,180.0963850692978
53,2026-02-14,3,2026-03-07,wk inc flu hosp,quantile,0.8,370.95076170333425
54,2026-02-14,3,2026-03-07,wk inc flu hosp,quantile,0.8,111.48111497078133
55,2026-02-14,3,2026-03-07,wk inc flu hosp,quantile,0.8,186.86760296364127
56,2026-02-14,3,2026-03-07,wk inc flu hosp,quantile,0.8,19.838846871692688
72,2026-02-14,3,2026-03-07,wk inc flu hosp,quantile,0.8,166.81675493654075
01,2026-02-14,0,2026-02-14,wk inc flu hosp,quantile,0.85,367.5994512739716
02,2026-02-14,0,2026-02-14,wk inc flu hosp,quantile,0.85,15.238605019315994
04,2026-02-14,0,2026-02-14,wk inc flu hosp,quantile,0.85,388.0700947274568
05,2026-02-14,0,2026-02-14,wk inc flu hosp,quantile,0.85,181.11480336842854
06,2026-02-14,0,2026-02-14,wk inc flu hosp,quantile,0.85,1942.0457600222621
08,2026-02-14,0,2026-02-14,wk inc flu hosp,quantile,0.85,130.97261338877107
09,2026-02-14,0,2026-02-14,wk inc flu hosp,quantile,0.85,54.354956017014885
10,2026-02-14,0,2026-02-14,wk inc flu hosp,quantile,0.85,41.10987621165556
11,2026-02-14,0,2026-02-14,wk inc flu hosp,quantile,0.85,6.642285519747268
12,2026-02-14,0,2026-02-14,wk inc flu hosp,quantile,0.85,1505.6020826909412
13,2026-02-14,0,2026-02-14,wk inc flu hosp,quantile,0.85,355.0042355162353
15,2026-02-14,0,2026-02-14,wk inc flu hosp,quantile,0.85,28.784749303279668
16,2026-02-14,0,2026-02-14,wk inc flu hosp,quantile,0.85,124.01918725492314
17,2026-02-14,0,2026-02-14,wk inc flu hosp,quantile,0.85,462.3718336710326
18,2026-02-14,0,2026-02-14,wk inc flu hosp,quantile,0.85,330.82260388292957
19,2026-02-14,0,2026-02-14,wk inc flu hosp,quantile,0.85,191.41020184334693
20,2026-02-14,0,2026-02-14,wk inc flu hosp,quantile,0.85,196.6169311022658
21,2026-02-14,0,2026-02-14,wk inc flu hosp,quantile,0.85,220.74003219385412
22,2026-02-14,0,2026-02-14,wk inc flu hosp,quantile,0.85,276.77019469264866
23,2026-02-14,0,2026-02-14,wk inc flu hosp,quantile,0.85,56.28743591286795
24,2026-02-14,0,2026-02-14,wk inc flu hosp,quantile,0.85,74.86429783144969
25,2026-02-14,0,2026-02-14,wk inc flu hosp,quantile,0.85,106.5929299780106
26,2026-02-14,0,2026-02-14,wk inc flu hosp,quantile,0.85,274.01078072964185
27,2026-02-14,0,2026-02-14,wk inc flu hosp,quantile,0.85,173.53765962300395
28,2026-02-14,0,2026-02-14,wk inc flu hosp,quantile,0.85,202.18070532571573
29,2026-02-14,0,2026-02-14,wk inc flu hosp,quantile,0.85,293.4296890997835
30,2026-02-14,0,2026-02-14,wk inc flu hosp,quantile,0.85,75.99298640586748
31,2026-02-14,0,2026-02-14,wk inc flu hosp,quantile,0.85,136.60814527213861
32,2026-02-14,0,2026-02-14,wk inc flu hosp,quantile,0.85,113.13044218807991
33,2026-02-14,0,2026-02-14,wk inc flu hosp,quantile,0.85,45.48128627030954
34,2026-02-14,0,2026-02-14,wk inc flu hosp,quantile,0.85,194.12776020096325
35,2026-02-14,0,2026-02-14,wk inc flu hosp,quantile,0.85,158.36322292135435
36,2026-02-14,0,2026-02-14,wk inc flu hosp,quantile,0.85,216.57829738888387
37,2026-02-14,0,2026-02-14,wk inc flu hosp,quantile,0.85,351.037237596458
38,2026-02-14,0,2026-02-14,wk inc flu hosp,quantile,0.85,43.83649576774433
39,2026-02-14,0,2026-02-14,wk inc flu hosp,quantile,0.85,487.51308663347766
40,2026-02-14,0,2026-02-14,wk inc flu hosp,quantile,0.85,196.8976509587788
41,2026-02-14,0,2026-02-14,wk inc flu hosp,quantile,0.85,431.68812930224766
42,2026-02-14,0,2026-02-14,wk inc flu hosp,quantile,0.85,672.4409364483631
44,2026-02-14,0,2026-02-14,wk inc flu hosp,quantile,0.85,23.012463299741515
45,2026-02-14,0,2026-02-14,wk inc flu hosp,quantile,0.85,182.24566840995402
46,2026-02-14,0,2026-02-14,wk inc flu hosp,quantile,0.85,55.13815973112923
47,2026-02-14,0,2026-02-14,wk inc flu hosp,quantile,0.85,305.37790334163725
48,2026-02-14,0,2026-02-14,wk inc flu hosp,quantile,0.85,1264.7985188541286
49,2026-02-14,0,2026-02-14,wk inc flu hosp,quantile,0.85,98.77087908777614
50,2026-02-14,0,2026-02-14,wk inc flu hosp,quantile,0.85,27.32310861361922
51,2026-02-14,0,2026-02-14,wk inc flu hosp,quantile,0.85,234.8788968503286
53,2026-02-14,0,2026-02-14,wk inc flu hosp,quantile,0.85,429.62713061743796
54,2026-02-14,0,2026-02-14,wk inc flu hosp,quantile,0.85,147.08431692994057
55,2026-02-14,0,2026-02-14,wk inc flu hosp,quantile,0.85,254.5631176614868
56,2026-02-14,0,2026-02-14,wk inc flu hosp,quantile,0.85,23.449974231880585
72,2026-02-14,0,2026-02-14,wk inc flu hosp,quantile,0.85,187.89946066484936
01,2026-02-14,1,2026-02-21,wk inc flu hosp,quantile,0.85,357.2199186134594
02,2026-02-14,1,2026-02-21,wk inc flu hosp,quantile,0.85,14.71750508283857
04,2026-02-14,1,2026-02-21,wk inc flu hosp,quantile,0.85,401.76231078547187
05,2026-02-14,1,2026-02-21,wk inc flu hosp,quantile,0.85,178.95102497585114
06,2026-02-14,1,2026-02-21,wk inc flu hosp,quantile,0.85,1917.8750642299647
08,2026-02-14,1,2026-02-21,wk inc flu hosp,quantile,0.85,129.05481430231444
09,2026-02-14,1,2026-02-21,wk inc flu hosp,quantile,0.85,51.39947566483224
10,2026-02-14,1,2026-02-21,wk inc flu hosp,quantile,0.85,36.422738808831696
11,2026-02-14,1,2026-02-21,wk inc flu hosp,quantile,0.85,6.1506487966366725
12,2026-02-14,1,2026-02-21,wk inc flu hosp,quantile,0.85,1430.8186616530195
13,2026-02-14,1,2026-02-21,wk inc flu hosp,quantile,0.85,345.3742734715487
15,2026-02-14,1,2026-02-21,wk inc flu hosp,quantile,0.85,28.405648325657857
16,2026-02-14,1,2026-02-21,wk inc flu hosp,quantile,0.85,124.30063503616229
17,2026-02-14,1,2026-02-21,wk inc flu hosp,quantile,0.85,439.3242157219102
18,2026-02-14,1,2026-02-21,wk inc flu hosp,quantile,0.85,316.69299772431066
19,2026-02-14,1,2026-02-21,wk inc flu hosp,quantile,0.85,177.11152095894892
20,2026-02-14,1,2026-02-21,wk inc flu hosp,quantile,0.85,185.14962110016845
21,2026-02-14,1,2026-02-21,wk inc flu hosp,quantile,0.85,206.9703139524725
22,2026-02-14,1,2026-02-21,wk inc flu hosp,quantile,0.85,262.2834351796435
23,2026-02-14,1,2026-02-21,wk inc flu hosp,quantile,0.85,52.24555265814792
24,2026-02-14,1,2026-02-21,wk inc flu hosp,quantile,0.85,69.57181971254391
25,2026-02-14,1,2026-02-21,wk inc flu hosp,quantile,0.85,98.13158516368071
26,2026-02-14,1,2026-02-21,wk inc flu hosp,quantile,0.85,259.2971782771008
27,2026-02-14,1,2026-02-21,wk inc flu hosp,quantile,0.85,163.01557903552288
28,2026-02-14,1,2026-02-21,wk inc flu hosp,quantile,0.85,198.92823069671869
29,2026-02-14,1,2026-02-21,wk inc flu hosp,quantile,0.85,276.3663416016992
30,2026-02-14,1,2026-02-21,wk inc flu hosp,quantile,0.85,74.7946261606833
31,2026-02-14,1,2026-02-21,wk inc flu hosp,quantile,0.85,130.40803425915706
32,2026-02-14,1,2026-02-21,wk inc flu hosp,quantile,0.85,116.03535758600685
33,2026-02-14,1,2026-02-21,wk inc flu hosp,quantile,0.85,41.04146712131478
34,2026-02-14,1,2026-02-21,wk inc flu hosp,quantile,0.85,180.24105796929803
35,2026-02-14,1,2026-02-21,wk inc flu hosp,quantile,0.85,151.79431412896287
36,2026-02-14,1,2026-02-21,wk inc flu hosp,quantile,0.85,200.11336865737562
37,2026-02-14,1,2026-02-21,wk inc flu hosp,quantile,0.85,329.0513306969743
38,2026-02-14,1,2026-02-21,wk inc flu hosp,quantile,0.85,41.44762767822609
39,2026-02-14,1,2026-02-21,wk inc flu hosp,quantile,0.85,454.88936036508784
40,2026-02-14,1,2026-02-21,wk inc flu hosp,quantile,0.85,202.52740003921662
41,2026-02-14,1,2026-02-21,wk inc flu hosp,quantile,0.85,427.9361722468997
42,2026-02-14,1,2026-02-21,wk inc flu hosp,quantile,0.85,616.1803462411915
44,2026-02-14,1,2026-02-21,wk inc flu hosp,quantile,0.85,20.906060924171328
45,2026-02-14,1,2026-02-21,wk inc flu hosp,quantile,0.85,175.18154413123722
46,2026-02-14,1,2026-02-21,wk inc flu hosp,quantile,0.85,52.397108950729894
47,2026-02-14,1,2026-02-21,wk inc flu hosp,quantile,0.85,297.64353809304276
48,2026-02-14,1,2026-02-21,wk inc flu hosp,quantile,0.85,1232.7820803094571
49,2026-02-14,1,2026-02-21,wk inc flu hosp,quantile,0.85,95.92633669657617
50,2026-02-14,1,2026-02-21,wk inc flu hosp,quantile,0.85,25.66851759140379
51,2026-02-14,1,2026-02-21,wk inc flu hosp,quantile,0.85,219.31556118530466
53,2026-02-14,1,2026-02-21,wk inc flu hosp,quantile,0.85,434.112996396183
54,2026-02-14,1,2026-02-21,wk inc flu hosp,quantile,0.85,139.14558596303266
55,2026-02-14,1,2026-02-21,wk inc flu hosp,quantile,0.85,235.20132604927034
56,2026-02-14,1,2026-02-21,wk inc flu hosp,quantile,0.85,23.258202136504426
72,2026-02-14,1,2026-02-21,wk inc flu hosp,quantile,0.85,183.83628772322706
01,2026-02-14,2,2026-02-28,wk inc flu hosp,quantile,0.85,338.5557792144938
02,2026-02-14,2,2026-02-28,wk inc flu hosp,quantile,0.85,14.380141611699024
04,2026-02-14,2,2026-02-28,wk inc flu hosp,quantile,0.85,402.1128906268927
05,2026-02-14,2,2026-02-28,wk inc flu hosp,quantile,0.85,170.72681013588777
06,2026-02-14,2,2026-02-28,wk inc flu hosp,quantile,0.85,1839.5106040044964
08,2026-02-14,2,2026-02-28,wk inc flu hosp,quantile,0.85,120.7418917081547
09,2026-02-14,2,2026-02-28,wk inc flu hosp,quantile,0.85,47.704829164822
10,2026-02-14,2,2026-02-28,wk inc flu hosp,quantile,0.85,33.430676377628686
11,2026-02-14,2,2026-02-28,wk inc flu hosp,quantile,0.85,5.681609150761306
12,2026-02-14,2,2026-02-28,wk inc flu hosp,quantile,0.85,1332.5175832155167
13,2026-02-14,2,2026-02-28,wk inc flu hosp,quantile,0.85,324.7670976449193
15,2026-02-14,2,2026-02-28,wk inc flu hosp,quantile,0.85,27.88939420196629
16,2026-02-14,2,2026-02-28,wk inc flu hosp,quantile,0.85,117.16207573765958
17,2026-02-14,2,2026-02-28,wk inc flu hosp,quantile,0.85,407.84136956821067
18,2026-02-14,2,2026-02-28,wk inc flu hosp,quantile,0.85,302.7888304108484
19,2026-02-14,2,2026-02-28,wk inc flu hosp,quantile,0.85,163.10596719851674
20,2026-02-14,2,2026-02-28,wk inc flu hosp,quantile,0.85,171.27323998927366
21,2026-02-14,2,2026-02-28,wk inc flu hosp,quantile,0.85,195.0356875320348
22,2026-02-14,2,2026-02-28,wk inc flu hosp,quantile,0.85,245.68342674217246
23,2026-02-14,2,2026-02-28,wk inc flu hosp,quantile,0.85,49.80677673825568
24,2026-02-14,2,2026-02-28,wk inc flu hosp,quantile,0.85,65.43479281066227
25,2026-02-14,2,2026-02-28,wk inc flu hosp,quantile,0.85,91.65527593089162
26,2026-02-14,2,2026-02-28,wk inc flu hosp,quantile,0.85,251.71975857612983
27,2026-02-14,2,2026-02-28,wk inc flu hosp,quantile,0.85,152.81620129534517
28,2026-02-14,2,2026-02-28,wk inc flu hosp,quantile,0.85,190.07128683397613
29,2026-02-14,2,2026-02-28,wk inc flu hosp,quantile,0.85,259.4771134725997
30,2026-02-14,2,2026-02-28,wk inc flu hosp,quantile,0.85,71.24500347614133
31,2026-02-14,2,2026-02-28,wk inc flu hosp,quantile,0.85,119.4725406266135
32,2026-02-14,2,2026-02-28,wk inc flu hosp,quantile,0.85,110.92820354923685
33,2026-02-14,2,2026-02-28,wk inc flu hosp,quantile,0.85,37.56756575903931
34,2026-02-14,2,2026-02-28,wk inc flu hosp,quantile,0.85,166.6087685453873
35,2026-02-14,2,2026-02-28,wk inc flu hosp,quantile,0.85,142.07035915327418
36,2026-02-14,2,2026-02-28,wk inc flu hosp,quantile,0.85,192.90142704119697
37,2026-02-14,2,2026-02-28,wk inc flu hosp,quantile,0.85,307.38871122894494
38,2026-02-14,2,2026-02-28,wk inc flu hosp,quantile,0.85,39.121931639340616
39,2026-02-14,2,2026-02-28,wk inc flu hosp,quantile,0.85,427.3329833509973
40,2026-02-14,2,2026-02-28,wk inc flu hosp,quantile,0.85,195.92629225109764
41,2026-02-14,2,2026-02-28,wk inc flu hosp,quantile,0.85,398.6897506019063
42,2026-02-14,2,2026-02-28,wk inc flu hosp,quantile,0.85,581.1519764556928
44,2026-02-14,2,2026-02-28,wk inc flu hosp,quantile,0.85,19.230873707832956
45,2026-02-14,2,2026-02-28,wk inc flu hosp,quantile,0.85,166.66786602880453
46,2026-02-14,2,2026-02-28,wk inc flu hosp,quantile,0.85,49.31735619231449
47,2026-02-14,2,2026-02-28,wk inc flu hosp,quantile,0.85,282.0118217287567
48,2026-02-14,2,2026-02-28,wk inc flu hosp,quantile,0.85,1153.8755007741681
49,2026-02-14,2,2026-02-28,wk inc flu hosp,quantile,0.85,88.99153071337368
50,2026-02-14,2,2026-02-28,wk inc flu hosp,quantile,0.85,24.450564820793968
51,2026-02-14,2,2026-02-28,wk inc flu hosp,quantile,0.85,206.75673297044725
53,2026-02-14,2,2026-02-28,wk inc flu hosp,quantile,0.85,419.82530816320667
54,2026-02-14,2,2026-02-28,wk inc flu hosp,quantile,0.85,131.86375968507588
55,2026-02-14,2,2026-02-28,wk inc flu hosp,quantile,0.85,221.88362041006096
56,2026-02-14,2,2026-02-28,wk inc flu hosp,quantile,0.85,22.249383462689927
72,2026-02-14,2,2026-02-28,wk inc flu hosp,quantile,0.85,180.41560797600243
01,2026-02-14,3,2026-03-07,wk inc flu hosp,quantile,0.85,326.7009925768293
02,2026-02-14,3,2026-03-07,wk inc flu hosp,quantile,0.85,14.124469606153998
04,2026-02-14,3,2026-03-07,wk inc flu hosp,quantile,0.85,400.90883017764077
05,2026-02-14,3,2026-03-07,wk inc flu hosp,quantile,0.85,162.29460399899935
06,2026-02-14,3,2026-03-07,wk inc flu hosp,quantile,0.85,1770.5115569502148
08,2026-02-14,3,2026-03-07,wk inc flu hosp,quantile,0.85,117.33715986993468
09,2026-02-14,3,2026-03-07,wk inc flu hosp,quantile,0.85,47.039302531381914
10,2026-02-14,3,2026-03-07,wk inc flu hosp,quantile,0.85,32.08268051971341
11,2026-02-14,3,2026-03-07,wk inc flu hosp,quantile,0.85,5.569211124582056
12,2026-02-14,3,2026-03-07,wk inc flu hosp,quantile,0.85,1294.403815527152
13,2026-02-14,3,2026-03-07,wk inc flu hosp,quantile,0.85,321.69912808883834
15,2026-02-14,3,2026-03-07,wk inc flu hosp,quantile,0.85,27.190513744233485
16,2026-02-14,3,2026-03-07,wk inc flu hosp,quantile,0.85,113.39920278455486
17,2026-02-14,3,2026-03-07,wk inc flu hosp,quantile,0.85,393.0738770885812
18,2026-02-14,3,2026-03-07,wk inc flu hosp,quantile,0.85,290.88238058757025
19,2026-02-14,3,2026-03-07,wk inc flu hosp,quantile,0.85,156.53768829507126
20,2026-02-14,3,2026-03-07,wk inc flu hosp,quantile,0.85,162.05698908290572
21,2026-02-14,3,2026-03-07,wk inc flu hosp,quantile,0.85,187.84615163916214
22,2026-02-14,3,2026-03-07,wk inc flu hosp,quantile,0.85,237.5431975351177
23,2026-02-14,3,2026-03-07,wk inc flu hosp,quantile,0.85,48.35017688456162
24,2026-02-14,3,2026-03-07,wk inc flu hosp,quantile,0.85,64.50069609557559
25,2026-02-14,3,2026-03-07,wk inc flu hosp,quantile,0.85,89.43415170632503
26,2026-02-14,3,2026-03-07,wk inc flu hosp,quantile,0.85,249.44751080323334
27,2026-02-14,3,2026-03-07,wk inc flu hosp,quantile,0.85,148.49691414802066
28,2026-02-14,3,2026-03-07,wk inc flu hosp,quantile,0.85,184.5793433538152
29,2026-02-14,3,2026-03-07,wk inc flu hosp,quantile,0.85,245.88508850645692
30,2026-02-14,3,2026-03-07,wk inc flu hosp,quantile,0.85,69.42991089211256
31,2026-02-14,3,2026-03-07,wk inc flu hosp,quantile,0.85,114.14076381066792
32,2026-02-14,3,2026-03-07,wk inc flu hosp,quantile,0.85,106.39232651169901
33,2026-02-14,3,2026-03-07,wk inc flu hosp,quantile,0.85,35.93455777686317
34,2026-02-14,3,2026-03-07,wk inc flu hosp,quantile,0.85,166.41080311148792
35,2026-02-14,3,2026-03-07,wk inc flu hosp,quantile,0.85,135.39108887018514
36,2026-02-14,3,2026-03-07,wk inc flu hosp,quantile,0.85,189.9642264083682
37,2026-02-14,3,2026-03-07,wk inc flu hosp,quantile,0.85,300.59525644188716
38,2026-02-14,3,2026-03-07,wk inc flu hosp,quantile,0.85,37.62136316741064
39,2026-02-14,3,2026-03-07,wk inc flu hosp,quantile,0.85,412.47412452214854
40,2026-02-14,3,2026-03-07,wk inc flu hosp,quantile,0.85,191.62562683138225
41,2026-02-14,3,2026-03-07,wk inc flu hosp,quantile,0.85,382.24697124226043
42,2026-02-14,3,2026-03-07,wk inc flu hosp,quantile,0.85,561.4438297847742
44,2026-02-14,3,2026-03-07,wk inc flu hosp,quantile,0.85,19.06170119315778
45,2026-02-14,3,2026-03-07,wk inc flu hosp,quantile,0.85,161.66177652642733
46,2026-02-14,3,2026-03-07,wk inc flu hosp,quantile,0.85,47.109332548841095
47,2026-02-14,3,2026-03-07,wk inc flu hosp,quantile,0.85,270.01241023233683
48,2026-02-14,3,2026-03-07,wk inc flu hosp,quantile,0.85,1123.3390053875758
49,2026-02-14,3,2026-03-07,wk inc flu hosp,quantile,0.85,85.51777564422687
50,2026-02-14,3,2026-03-07,wk inc flu hosp,quantile,0.85,23.417354740352053
51,2026-02-14,3,2026-03-07,wk inc flu hosp,quantile,0.85,200.2808980888871
53,2026-02-14,3,2026-03-07,wk inc flu hosp,quantile,0.85,405.73124474463447
54,2026-02-14,3,2026-03-07,wk inc flu hosp,quantile,0.85,125.59196451196888
55,2026-02-14,3,2026-03-07,wk inc flu hosp,quantile,0.85,216.0599337675402
56,2026-02-14,3,2026-03-07,wk inc flu hosp,quantile,0.85,22.00661071079739
72,2026-02-14,3,2026-03-07,wk inc flu hosp,quantile,0.85,177.67833674708453
01,2026-02-14,0,2026-02-14,wk inc flu hosp,quantile,0.9,380.7503095978226
02,2026-02-14,0,2026-02-14,wk inc flu hosp,quantile,0.9,16.77307579293455
04,2026-02-14,0,2026-02-14,wk inc flu hosp,quantile,0.9,425.0347030959606
05,2026-02-14,0,2026-02-14,wk inc flu hosp,quantile,0.9,191.87348962334812
06,2026-02-14,0,2026-02-14,wk inc flu hosp,quantile,0.9,2063.943535025845
08,2026-02-14,0,2026-02-14,wk inc flu hosp,quantile,0.9,136.55363722440978
09,2026-02-14,0,2026-02-14,wk inc flu hosp,quantile,0.9,57.894297246802374
10,2026-02-14,0,2026-02-14,wk inc flu hosp,quantile,0.9,43.28058287881733
11,2026-02-14,0,2026-02-14,wk inc flu hosp,quantile,0.9,7.204343307387978
12,2026-02-14,0,2026-02-14,wk inc flu hosp,quantile,0.9,1573.1692289846915
13,2026-02-14,0,2026-02-14,wk inc flu hosp,quantile,0.9,369.79281298821815
15,2026-02-14,0,2026-02-14,wk inc flu hosp,quantile,0.9,31.623559503030158
16,2026-02-14,0,2026-02-14,wk inc flu hosp,quantile,0.9,130.18359417940437
17,2026-02-14,0,2026-02-14,wk inc flu hosp,quantile,0.9,488.3690403743017
18,2026-02-14,0,2026-02-14,wk inc flu hosp,quantile,0.9,345.48509368934043
19,2026-02-14,0,2026-02-14,wk inc flu hosp,quantile,0.9,198.47680972577
20,2026-02-14,0,2026-02-14,wk inc flu hosp,quantile,0.9,204.48573522980686
21,2026-02-14,0,2026-02-14,wk inc flu hosp,quantile,0.9,230.26723334168673
22,2026-02-14,0,2026-02-14,wk inc flu hosp,quantile,0.9,289.77715864008917
23,2026-02-14,0,2026-02-14,wk inc flu hosp,quantile,0.9,61.58283179517585
24,2026-02-14,0,2026-02-14,wk inc flu hosp,quantile,0.9,79.32329327060923
25,2026-02-14,0,2026-02-14,wk inc flu hosp,quantile,0.9,110.66702356392629
26,2026-02-14,0,2026-02-14,wk inc flu hosp,quantile,0.9,287.9854653844539
27,2026-02-14,0,2026-02-14,wk inc flu hosp,quantile,0.9,181.944253977074
28,2026-02-14,0,2026-02-14,wk inc flu hosp,quantile,0.9,206.57124231083398
29,2026-02-14,0,2026-02-14,wk inc flu hosp,quantile,0.9,308.5048847724156
30,2026-02-14,0,2026-02-14,wk inc flu hosp,quantile,0.9,80.8337217500253
31,2026-02-14,0,2026-02-14,wk inc flu hosp,quantile,0.9,141.0966497232205
32,2026-02-14,0,2026-02-14,wk inc flu hosp,quantile,0.9,124.85215537771424
33,2026-02-14,0,2026-02-14,wk inc flu hosp,quantile,0.9,48.34513269002943
34,2026-02-14,0,2026-02-14,wk inc flu hosp,quantile,0.9,206.42458404561788
35,2026-02-14,0,2026-02-14,wk inc flu hosp,quantile,0.9,167.47555561409877
36,2026-02-14,0,2026-02-14,wk inc flu hosp,quantile,0.9,238.42200614197225
37,2026-02-14,0,2026-02-14,wk inc flu hosp,quantile,0.9,369.140428173632
38,2026-02-14,0,2026-02-14,wk inc flu hosp,quantile,0.9,47.18875991370122
39,2026-02-14,0,2026-02-14,wk inc flu hosp,quantile,0.9,504.43190991609475
40,2026-02-14,0,2026-02-14,wk inc flu hosp,quantile,0.9,204.7534029408311
41,2026-02-14,0,2026-02-14,wk inc flu hosp,quantile,0.9,482.3493475523651
42,2026-02-14,0,2026-02-14,wk inc flu hosp,quantile,0.9,710.6046506976493
44,2026-02-14,0,2026-02-14,wk inc flu hosp,quantile,0.9,24.288165755523462
45,2026-02-14,0,2026-02-14,wk inc flu hosp,quantile,0.9,189.6148750857075
46,2026-02-14,0,2026-02-14,wk inc flu hosp,quantile,0.9,57.90707921014908
47,2026-02-14,0,2026-02-14,wk inc flu hosp,quantile,0.9,319.2654925792202
48,2026-02-14,0,2026-02-14,wk inc flu hosp,quantile,0.9,1312.2315518312348
49,2026-02-14,0,2026-02-14,wk inc flu hosp,quantile,0.9,103.33430783550283
50,2026-02-14,0,2026-02-14,wk inc flu hosp,quantile,0.9,29.056821372520815
51,2026-02-14,0,2026-02-14,wk inc flu hosp,quantile,0.9,243.79721984862115
53,2026-02-14,0,2026-02-14,wk inc flu hosp,quantile,0.9,459.6670485531979
54,2026-02-14,0,2026-02-14,wk inc flu hosp,quantile,0.9,157.7754482520314
55,2026-02-14,0,2026-02-14,wk inc flu hosp,quantile,0.9,264.6930772644483
56,2026-02-14,0,2026-02-14,wk inc flu hosp,quantile,0.9,25.40956238743356
72,2026-02-14,0,2026-02-14,wk inc flu hosp,quantile,0.9,195.62735874064822
01,2026-02-14,1,2026-02-21,wk inc flu hosp,quantile,0.9,376.3048244936922
02,2026-02-14,1,2026-02-21,wk inc flu hosp,quantile,0.9,16.196069873500793
04,2026-02-14,1,2026-02-21,wk inc flu hosp,quantile,0.9,445.87948065952025
05,2026-02-14,1,2026-02-21,wk inc flu hosp,quantile,0.9,192.06451608078953
06,2026-02-14,1,2026-02-21,wk inc flu hosp,quantile,0.9,2086.5352679304697
08,2026-02-14,1,2026-02-21,wk inc flu hosp,quantile,0.9,131.45325993112954
09,2026-02-14,1,2026-02-21,wk inc flu hosp,quantile,0.9,54.7435867295687
10,2026-02-14,1,2026-02-21,wk inc flu hosp,quantile,0.9,39.85428833337638
11,2026-02-14,1,2026-02-21,wk inc flu hosp,quantile,0.9,6.923563631887607
12,2026-02-14,1,2026-02-21,wk inc flu hosp,quantile,0.9,1531.8225931623974
13,2026-02-14,1,2026-02-21,wk inc flu hosp,quantile,0.9,364.18278812544594
15,2026-02-14,1,2026-02-21,wk inc flu hosp,quantile,0.9,31.92525093002156
16,2026-02-14,1,2026-02-21,wk inc flu hosp,quantile,0.9,132.5245887426348
17,2026-02-14,1,2026-02-21,wk inc flu hosp,quantile,0.9,470.16611691394127
18,2026-02-14,1,2026-02-21,wk inc flu hosp,quantile,0.9,337.8978084626321
19,2026-02-14,1,2026-02-21,wk inc flu hosp,quantile,0.9,188.33184966227554
20,2026-02-14,1,2026-02-21,wk inc flu hosp,quantile,0.9,196.51273937246117
21,2026-02-14,1,2026-02-21,wk inc flu hosp,quantile,0.9,221.4495211811179
22,2026-02-14,1,2026-02-21,wk inc flu hosp,quantile,0.9,281.9446345292214
23,2026-02-14,1,2026-02-21,wk inc flu hosp,quantile,0.9,58.58570171810049
24,2026-02-14,1,2026-02-21,wk inc flu hosp,quantile,0.9,75.05176796952979
25,2026-02-14,1,2026-02-21,wk inc flu hosp,quantile,0.9,105.0260931168145
26,2026-02-14,1,2026-02-21,wk inc flu hosp,quantile,0.9,279.5273091433505
27,2026-02-14,1,2026-02-21,wk inc flu hosp,quantile,0.9,175.62250036672552
28,2026-02-14,1,2026-02-21,wk inc flu hosp,quantile,0.9,206.1966254409784
29,2026-02-14,1,2026-02-21,wk inc flu hosp,quantile,0.9,297.1386074341644
30,2026-02-14,1,2026-02-21,wk inc flu hosp,quantile,0.9,82.23796964411275
31,2026-02-14,1,2026-02-21,wk inc flu hosp,quantile,0.9,136.64641393690349
32,2026-02-14,1,2026-02-21,wk inc flu hosp,quantile,0.9,131.18428279784388
33,2026-02-14,1,2026-02-21,wk inc flu hosp,quantile,0.9,45.00030926424277
34,2026-02-14,1,2026-02-21,wk inc flu hosp,quantile,0.9,194.27800755743567
35,2026-02-14,1,2026-02-21,wk inc flu hosp,quantile,0.9,162.00970715919118
36,2026-02-14,1,2026-02-21,wk inc flu hosp,quantile,0.9,222.16846018202
37,2026-02-14,1,2026-02-21,wk inc flu hosp,quantile,0.9,353.16054157829205
38,2026-02-14,1,2026-02-21,wk inc flu hosp,quantile,0.9,45.83136920907865
39,2026-02-14,1,2026-02-21,wk inc flu hosp,quantile,0.9,484.294704311411
40,2026-02-14,1,2026-02-21,wk inc flu hosp,quantile,0.9,215.49562321485422
41,2026-02-14,1,2026-02-21,wk inc flu hosp,quantile,0.9,491.56020818070704
42,2026-02-14,1,2026-02-21,wk inc flu hosp,quantile,0.9,674.1915556521187
44,2026-02-14,1,2026-02-21,wk inc flu hosp,quantile,0.9,22.24182323189836
45,2026-02-14,1,2026-02-21,wk inc flu hosp,quantile,0.9,184.97474914289228
46,2026-02-14,1,2026-02-21,wk inc flu hosp,quantile,0.9,56.23704108770262
47,2026-02-14,1,2026-02-21,wk inc flu hosp,quantile,0.9,313.11976868547185
48,2026-02-14,1,2026-02-21,wk inc flu hosp,quantile,0.9,1276.9100885566563
49,2026-02-14,1,2026-02-21,wk inc flu hosp,quantile,0.9,101.93695311358375
50,2026-02-14,1,2026-02-21,wk inc flu hosp,quantile,0.9,28.02236501885474
51,2026-02-14,1,2026-02-21,wk inc flu hosp,quantile,0.9,230.76092053042467
53,2026-02-14,1,2026-02-21,wk inc flu hosp,quantile,0.9,470.85097210932105
54,2026-02-14,1,2026-02-21,wk inc flu hosp,quantile,0.9,152.6650596192488
55,2026-02-14,1,2026-02-21,wk inc flu hosp,quantile,0.9,255.69471937231074
56,2026-02-14,1,2026-02-21,wk inc flu hosp,quantile,0.9,25.576189711352757
72,2026-02-14,1,2026-02-21,wk inc flu hosp,quantile,0.9,199.10479863947387
01,2026-02-14,2,2026-02-28,wk inc flu hosp,quantile,0.9,354.72072154423773
02,2026-02-14,2,2026-02-28,wk inc flu hosp,quantile,0.9,15.752269737876558
04,2026-02-14,2,2026-02-28,wk inc flu hosp,quantile,0.9,446.9850830534861
05,2026-02-14,2,2026-02-28,wk inc flu hosp,quantile,0.9,183.88154789769965
06,2026-02-14,2,2026-02-28,wk inc flu hosp,quantile,0.9,2006.5528274721364
08,2026-02-14,2,2026-02-28,wk inc flu hosp,quantile,0.9,127.24460074762378
09,2026-02-14,2,2026-02-28,wk inc flu hosp,quantile,0.9,51.32794002327983
10,2026-02-14,2,2026-02-28,wk inc flu hosp,quantile,0.9,37.56817820648486
11,2026-02-14,2,2026-02-28,wk inc flu hosp,quantile,0.9,6.305125591131371
12,2026-02-14,2,2026-02-28,wk inc flu hosp,quantile,0.9,1457.377645931123
13,2026-02-14,2,2026-02-28,wk inc flu hosp,quantile,0.9,346.56765648054505
15,2026-02-14,2,2026-02-28,wk inc flu hosp,quantile,0.9,31.25963093579849
16,2026-02-14,2,2026-02-28,wk inc flu hosp,quantile,0.9,127.06016665074624
17,2026-02-14,2,2026-02-28,wk inc flu hosp,quantile,0.9,448.36124040680784
18,2026-02-14,2,2026-02-28,wk inc flu hosp,quantile,0.9,321.9411261459287
19,2026-02-14,2,2026-02-28,wk inc flu hosp,quantile,0.9,176.87972965622401
20,2026-02-14,2,2026-02-28,wk inc flu hosp,quantile,0.9,185.36593424839478
21,2026-02-14,2,2026-02-28,wk inc flu hosp,quantile,0.9,210.8728339263868
22,2026-02-14,2,2026-02-28,wk inc flu hosp,quantile,0.9,267.2073852952174
23,2026-02-14,2,2026-02-28,wk inc flu hosp,quantile,0.9,56.886143342338016
24,2026-02-14,2,2026-02-28,wk inc flu hosp,quantile,0.9,71.01887976175682
25,2026-02-14,2,2026-02-28,wk inc flu hosp,quantile,0.9,99.06679338041697
26,2026-02-14,2,2026-02-28,wk inc flu hosp,quantile,0.9,273.5125897469269
27,2026-02-14,2,2026-02-28,wk inc flu hosp,quantile,0.9,169.36777395761416
28,2026-02-14,2,2026-02-28,wk inc flu hosp,quantile,0.9,199.0878629113366
29,2026-02-14,2,2026-02-28,wk inc flu hosp,quantile,0.9,277.5101829354909
30,2026-02-14,2,2026-02-28,wk inc flu hosp,quantile,0.9,80.75907264081799
31,2026-02-14,2,2026-02-28,wk inc flu hosp,quantile,0.9,127.6533033232118
32,2026-02-14,2,2026-02-28,wk inc flu hosp,quantile,0.9,130.21455653049284
33,2026-02-14,2,2026-02-28,wk inc flu hosp,quantile,0.9,42.07838922911268
34,2026-02-14,2,2026-02-28,wk inc flu hosp,quantile,0.9,181.98991033787323
35,2026-02-14,2,2026-02-28,wk inc flu hosp,quantile,0.9,153.00099536752404
36,2026-02-14,2,2026-02-28,wk inc flu hosp,quantile,0.9,212.9007556945426
37,2026-02-14,2,2026-02-28,wk inc flu hosp,quantile,0.9,334.6985532699507
38,2026-02-14,2,2026-02-28,wk inc flu hosp,quantile,0.9,43.449616315766356
39,2026-02-14,2,2026-02-28,wk inc flu hosp,quantile,0.9,460.43426444980173
40,2026-02-14,2,2026-02-28,wk inc flu hosp,quantile,0.9,206.60302866057742
41,2026-02-14,2,2026-02-28,wk inc flu hosp,quantile,0.9,464.78705791061935
42,2026-02-14,2,2026-02-28,wk inc flu hosp,quantile,0.9,643.6483656856967
44,2026-02-14,2,2026-02-28,wk inc flu hosp,quantile,0.9,20.996433349782638
45,2026-02-14,2,2026-02-28,wk inc flu hosp,quantile,0.9,173.74103330229164
46,2026-02-14,2,2026-02-28,wk inc flu hosp,quantile,0.9,52.715058524355676
47,2026-02-14,2,2026-02-28,wk inc flu hosp,quantile,0.9,301.2916597186726
48,2026-02-14,2,2026-02-28,wk inc flu hosp,quantile,0.9,1215.966412091094
49,2026-02-14,2,2026-02-28,wk inc flu hosp,quantile,0.9,96.72301732802403
50,2026-02-14,2,2026-02-28,wk inc flu hosp,quantile,0.9,26.601170187007796
51,2026-02-14,2,2026-02-28,wk inc flu hosp,quantile,0.9,217.66182884532202
53,2026-02-14,2,2026-02-28,wk inc flu hosp,quantile,0.9,461.413394054719
54,2026-02-14,2,2026-02-28,wk inc flu hosp,quantile,0.9,146.55704183747645
55,2026-02-14,2,2026-02-28,wk inc flu hosp,quantile,0.9,241.01921941917993
56,2026-02-14,2,2026-02-28,wk inc flu hosp,quantile,0.9,24.185540942096733
72,2026-02-14,2,2026-02-28,wk inc flu hosp,quantile,0.9,196.78049233060136
01,2026-02-14,3,2026-03-07,wk inc flu hosp,quantile,0.9,346.15563823930756
02,2026-02-14,3,2026-03-07,wk inc flu hosp,quantile,0.9,15.618461817337433
04,2026-02-14,3,2026-03-07,wk inc flu hosp,quantile,0.9,459.68744920068553
05,2026-02-14,3,2026-03-07,wk inc flu hosp,quantile,0.9,181.035753220947
06,2026-02-14,3,2026-03-07,wk inc flu hosp,quantile,0.9,1965.8075910276916
08,2026-02-14,3,2026-03-07,wk inc flu hosp,quantile,0.9,125.73780292129386
09,2026-02-14,3,2026-03-07,wk inc flu hosp,quantile,0.9,51.53280236772747
10,2026-02-14,3,2026-03-07,wk inc flu hosp,quantile,0.9,36.762631291645306
11,2026-02-14,3,2026-03-07,wk inc flu hosp,quantile,0.9,6.259722827048826
12,2026-02-14,3,2026-03-07,wk inc flu hosp,quantile,0.9,1434.6232708690038
13,2026-02-14,3,2026-03-07,wk inc flu hosp,quantile,0.9,345.45799939696303
15,2026-02-14,3,2026-03-07,wk inc flu hosp,quantile,0.9,31.374465977035765
16,2026-02-14,3,2026-03-07,wk inc flu hosp,quantile,0.9,123.46409691328104
17,2026-02-14,3,2026-03-07,wk inc flu hosp,quantile,0.9,439.2202019918431
18,2026-02-14,3,2026-03-07,wk inc flu hosp,quantile,0.9,325.17580888393627
19,2026-02-14,3,2026-03-07,wk inc flu hosp,quantile,0.9,174.38615820555313
20,2026-02-14,3,2026-03-07,wk inc flu hosp,quantile,0.9,182.22135315248863
21,2026-02-14,3,2026-03-07,wk inc flu hosp,quantile,0.9,211.37502329040646
22,2026-02-14,3,2026-03-07,wk inc flu hosp,quantile,0.9,260.78233124601667
23,2026-02-14,3,2026-03-07,wk inc flu hosp,quantile,0.9,56.10890861787256
24,2026-02-14,3,2026-03-07,wk inc flu hosp,quantile,0.9,71.91211795373817
25,2026-02-14,3,2026-03-07,wk inc flu hosp,quantile,0.9,98.03210434515927
26,2026-02-14,3,2026-03-07,wk inc flu hosp,quantile,0.9,271.97037210975833
27,2026-02-14,3,2026-03-07,wk inc flu hosp,quantile,0.9,168.84223154577407
28,2026-02-14,3,2026-03-07,wk inc flu hosp,quantile,0.9,194.91829729158036
29,2026-02-14,3,2026-03-07,wk inc flu hosp,quantile,0.9,276.8957387275803
30,2026-02-14,3,2026-03-07,wk inc flu hosp,quantile,0.9,78.40525994444357
31,2026-02-14,3,2026-03-07,wk inc flu hosp,quantile,0.9,125.78882473938937
32,2026-02-14,3,2026-03-07,wk inc flu hosp,quantile,0.9,131.72157600586962
33,2026-02-14,3,2026-03-07,wk inc flu hosp,quantile,0.9,40.760655547450476
34,2026-02-14,3,2026-03-07,wk inc flu hosp,quantile,0.9,182.38146838649456
35,2026-02-14,3,2026-03-07,wk inc flu hosp,quantile,0.9,150.61720461226344
36,2026-02-14,3,2026-03-07,wk inc flu hosp,quantile,0.9,211.63883318309658
37,2026-02-14,3,2026-03-07,wk inc flu hosp,quantile,0.9,332.4493144298621
38,2026-02-14,3,2026-03-07,wk inc flu hosp,quantile,0.9,43.17662713242926
39,2026-02-14,3,2026-03-07,wk inc flu hosp,quantile,0.9,456.1569738001807
40,2026-02-14,3,2026-03-07,wk inc flu hosp,quantile,0.9,207.56575932327524
41,2026-02-14,3,2026-03-07,wk inc flu hosp,quantile,0.9,453.3842495302408
42,2026-02-14,3,2026-03-07,wk inc flu hosp,quantile,0.9,633.7278431162625
44,2026-02-14,3,2026-03-07,wk inc flu hosp,quantile,0.9,20.836561357007255
45,2026-02-14,3,2026-03-07,wk inc flu hosp,quantile,0.9,172.6788985792733
46,2026-02-14,3,2026-03-07,wk inc flu hosp,quantile,0.9,51.432740378443114
47,2026-02-14,3,2026-03-07,wk inc flu hosp,quantile,0.9,298.60491574260107
48,2026-02-14,3,2026-03-07,wk inc flu hosp,quantile,0.9,1209.1112959487202
49,2026-02-14,3,2026-03-07,wk inc flu hosp,quantile,0.9,94.79956242839208
50,2026-02-14,3,2026-03-07,wk inc flu hosp,quantile,0.9,26.05731341739719
51,2026-02-14,3,2026-03-07,wk inc flu hosp,quantile,0.9,218.9490730463728
53,2026-02-14,3,2026-03-07,wk inc flu hosp,quantile,0.9,455.36040155609265
54,2026-02-14,3,2026-03-07,wk inc flu hosp,quantile,0.9,143.38921444846073
55,2026-02-14,3,2026-03-07,wk inc flu hosp,quantile,0.9,240.0491712033454
56,2026-02-14,3,2026-03-07,wk inc flu hosp,quantile,0.9,23.809862464134586
72,2026-02-14,3,2026-03-07,wk inc flu hosp,quantile,0.9,198.2132681974467
01,2026-02-14,0,2026-02-14,wk inc flu hosp,quantile,0.95,412.54184109335733
02,2026-02-14,0,2026-02-14,wk inc flu hosp,quantile,0.95,19.901466901352837
04,2026-02-14,0,2026-02-14,wk inc flu hosp,quantile,0.95,459.70157368604794
05,2026-02-14,0,2026-02-14,wk inc flu hosp,quantile,0.95,206.95818628355295
06,2026-02-14,0,2026-02-14,wk inc flu hosp,quantile,0.95,2156.032314346395
08,2026-02-14,0,2026-02-14,wk inc flu hosp,quantile,0.95,142.06053343114723
09,2026-02-14,0,2026-02-14,wk inc flu hosp,quantile,0.95,65.83172929410445
10,2026-02-14,0,2026-02-14,wk inc flu hosp,quantile,0.95,48.050525512226066
11,2026-02-14,0,2026-02-14,wk inc flu hosp,quantile,0.95,9.015247457868462
12,2026-02-14,0,2026-02-14,wk inc flu hosp,quantile,0.95,1678.851407280487
13,2026-02-14,0,2026-02-14,wk inc flu hosp,quantile,0.95,398.6415169408627
15,2026-02-14,0,2026-02-14,wk inc flu hosp,quantile,0.95,35.24359933887063
16,2026-02-14,0,2026-02-14,wk inc flu hosp,quantile,0.95,137.03244924939926
17,2026-02-14,0,2026-02-14,wk inc flu hosp,quantile,0.95,535.9529819597109
18,2026-02-14,0,2026-02-14,wk inc flu hosp,quantile,0.95,377.5200898412274
19,2026-02-14,0,2026-02-14,wk inc flu hosp,quantile,0.95,212.16139848421935
20,2026-02-14,0,2026-02-14,wk inc flu hosp,quantile,0.95,216.39665941400327
21,2026-02-14,0,2026-02-14,wk inc flu hosp,quantile,0.95,249.28424663142684
22,2026-02-14,0,2026-02-14,wk inc flu hosp,quantile,0.95,309.0735431311585
23,2026-02-14,0,2026-02-14,wk inc flu hosp,quantile,0.95,70.6368456323576
24,2026-02-14,0,2026-02-14,wk inc flu hosp,quantile,0.95,89.35034093114714
25,2026-02-14,0,2026-02-14,wk inc flu hosp,quantile,0.95,123.80097691531964
26,2026-02-14,0,2026-02-14,wk inc flu hosp,quantile,0.95,325.3047829398082
27,2026-02-14,0,2026-02-14,wk inc flu hosp,quantile,0.95,209.87698173996856
28,2026-02-14,0,2026-02-14,wk inc flu hosp,quantile,0.95,223.11687678583678
29,2026-02-14,0,2026-02-14,wk inc flu hosp,quantile,0.95,338.0966360205695
30,2026-02-14,0,2026-02-14,wk inc flu hosp,quantile,0.95,88.28526189407064
31,2026-02-14,0,2026-02-14,wk inc flu hosp,quantile,0.95,151.08147539215827
32,2026-02-14,0,2026-02-14,wk inc flu hosp,quantile,0.95,139.73280680655358
33,2026-02-14,0,2026-02-14,wk inc flu hosp,quantile,0.95,55.22050648848323
34,2026-02-14,0,2026-02-14,wk inc flu hosp,quantile,0.95,226.00238345261886
35,2026-02-14,0,2026-02-14,wk inc flu hosp,quantile,0.95,180.40392167218113
36,2026-02-14,0,2026-02-14,wk inc flu hosp,quantile,0.95,270.40803384200194
37,2026-02-14,0,2026-02-14,wk inc flu hosp,quantile,0.95,406.7961682419831
38,2026-02-14,0,2026-02-14,wk inc flu hosp,quantile,0.95,53.54329362076839
39,2026-02-14,0,2026-02-14,wk inc flu hosp,quantile,0.95,554.1897261828852
40,2026-02-14,0,2026-02-14,wk inc flu hosp,quantile,0.95,223.14056713467434
41,2026-02-14,0,2026-02-14,wk inc flu hosp,quantile,0.95,521.4335908542492
42,2026-02-14,0,2026-02-14,wk inc flu hosp,quantile,0.95,779.6638486599932
44,2026-02-14,0,2026-02-14,wk inc flu hosp,quantile,0.95,27.461004225886263
45,2026-02-14,0,2026-02-14,wk inc flu hosp,quantile,0.95,205.71981249194712
46,2026-02-14,0,2026-02-14,wk inc flu hosp,quantile,0.95,62.12320801005114
47,2026-02-14,0,2026-02-14,wk inc flu hosp,quantile,0.95,342.96285433784857
48,2026-02-14,0,2026-02-14,wk inc flu hosp,quantile,0.95,1407.5597006383273
49,2026-02-14,0,2026-02-14,wk inc flu hosp,quantile,0.95,112.84673467257987
50,2026-02-14,0,2026-02-14,wk inc flu hosp,quantile,0.95,33.07478278930775
51,2026-02-14,0,2026-02-14,wk inc flu hosp,quantile,0.95,263.9246310340114
53,2026-02-14,0,2026-02-14,wk inc flu hosp,quantile,0.95,494.4287351276469
54,2026-02-14,0,2026-02-14,wk inc flu hosp,quantile,0.95,174.39252377781023
55,2026-02-14,0,2026-02-14,wk inc flu hosp,quantile,0.95,296.79851598523675
56,2026-02-14,0,2026-02-14,wk inc flu hosp,quantile,0.95,28.280264708876942
72,2026-02-14,0,2026-02-14,wk inc flu hosp,quantile,0.95,212.67469758114032
01,2026-02-14,1,2026-02-21,wk inc flu hosp,quantile,0.95,421.0654180324383
02,2026-02-14,1,2026-02-21,wk inc flu hosp,quantile,0.95,20.25848570002189
04,2026-02-14,1,2026-02-21,wk inc flu hosp,quantile,0.95,502.8345067341222
05,2026-02-14,1,2026-02-21,wk inc flu hosp,quantile,0.95,214.1288363839134
06,2026-02-14,1,2026-02-21,wk inc flu hosp,quantile,0.95,2270.334653300569
08,2026-02-14,1,2026-02-21,wk inc flu hosp,quantile,0.95,149.26372274798126
09,2026-02-14,1,2026-02-21,wk inc flu hosp,quantile,0.95,65.94637019437296
10,2026-02-14,1,2026-02-21,wk inc flu hosp,quantile,0.95,47.34864843515177
11,2026-02-14,1,2026-02-21,wk inc flu hosp,quantile,0.95,9.237988364733466
12,2026-02-14,1,2026-02-21,wk inc flu hosp,quantile,0.95,1711.010014183926
13,2026-02-14,1,2026-02-21,wk inc flu hosp,quantile,0.95,411.2294088865307
15,2026-02-14,1,2026-02-21,wk inc flu hosp,quantile,0.95,36.799565819943936
16,2026-02-14,1,2026-02-21,wk inc flu hosp,quantile,0.95,142.79602723819076
17,2026-02-14,1,2026-02-21,wk inc flu hosp,quantile,0.95,542.2366293581861
18,2026-02-14,1,2026-02-21,wk inc flu hosp,quantile,0.95,384.4985318050284
19,2026-02-14,1,2026-02-21,wk inc flu hosp,quantile,0.95,213.39320125804727
20,2026-02-14,1,2026-02-21,wk inc flu hosp,quantile,0.95,217.43988734564584
21,2026-02-14,1,2026-02-21,wk inc flu hosp,quantile,0.95,251.74826126150012
22,2026-02-14,1,2026-02-21,wk inc flu hosp,quantile,0.95,313.51458811284726
23,2026-02-14,1,2026-02-21,wk inc flu hosp,quantile,0.95,71.04476210211978
24,2026-02-14,1,2026-02-21,wk inc flu hosp,quantile,0.95,91.77966487666713
25,2026-02-14,1,2026-02-21,wk inc flu hosp,quantile,0.95,125.97791298708026
26,2026-02-14,1,2026-02-21,wk inc flu hosp,quantile,0.95,334.6739546872046
27,2026-02-14,1,2026-02-21,wk inc flu hosp,quantile,0.95,209.97516964365315
28,2026-02-14,1,2026-02-21,wk inc flu hosp,quantile,0.95,229.6608168210333
29,2026-02-14,1,2026-02-21,wk inc flu hosp,quantile,0.95,341.6780141666587
30,2026-02-14,1,2026-02-21,wk inc flu hosp,quantile,0.95,91.29670451556265
31,2026-02-14,1,2026-02-21,wk inc flu hosp,quantile,0.95,153.1084882282311
32,2026-02-14,1,2026-02-21,wk inc flu hosp,quantile,0.95,152.64923304493672
33,2026-02-14,1,2026-02-21,wk inc flu hosp,quantile,0.95,54.91489260701259
34,2026-02-14,1,2026-02-21,wk inc flu hosp,quantile,0.95,227.51250609113322
35,2026-02-14,1,2026-02-21,wk inc flu hosp,quantile,0.95,183.61261813463554
36,2026-02-14,1,2026-02-21,wk inc flu hosp,quantile,0.95,273.89935903788273
37,2026-02-14,1,2026-02-21,wk inc flu hosp,quantile,0.95,408.8617269537902
38,2026-02-14,1,2026-02-21,wk inc flu hosp,quantile,0.95,53.424790433798734
39,2026-02-14,1,2026-02-21,wk inc flu hosp,quantile,0.95,561.6634669951724
40,2026-02-14,1,2026-02-21,wk inc flu hosp,quantile,0.95,238.88097674648307
41,2026-02-14,1,2026-02-21,wk inc flu hosp,quantile,0.95,549.7491030599895
42,2026-02-14,1,2026-02-21,wk inc flu hosp,quantile,0.95,787.952892413676
44,2026-02-14,1,2026-02-21,wk inc flu hosp,quantile,0.95,27.266600509405766
45,2026-02-14,1,2026-02-21,wk inc flu hosp,quantile,0.95,209.25827421467102
46,2026-02-14,1,2026-02-21,wk inc flu hosp,quantile,0.95,63.227307205797636
47,2026-02-14,1,2026-02-21,wk inc flu hosp,quantile,0.95,349.0965031108982
48,2026-02-14,1,2026-02-21,wk inc flu hosp,quantile,0.95,1427.873965894746
49,2026-02-14,1,2026-02-21,wk inc flu hosp,quantile,0.95,114.61061595803345
50,2026-02-14,1,2026-02-21,wk inc flu hosp,quantile,0.95,33.53025280639016
51,2026-02-14,1,2026-02-21,wk inc flu hosp,quantile,0.95,265.7232841681914
53,2026-02-14,1,2026-02-21,wk inc flu hosp,quantile,0.95,527.3854388542952
54,2026-02-14,1,2026-02-21,wk inc flu hosp,quantile,0.95,177.90544659147352
55,2026-02-14,1,2026-02-21,wk inc flu hosp,quantile,0.95,294.9150970293737
56,2026-02-14,1,2026-02-21,wk inc flu hosp,quantile,0.95,29.625651605255165
72,2026-02-14,1,2026-02-21,wk inc flu hosp,quantile,0.95,220.73054989992545
01,2026-02-14,2,2026-02-28,wk inc flu hosp,quantile,0.95,415.78405374256766
02,2026-02-14,2,2026-02-28,wk inc flu hosp,quantile,0.95,20.377824311272924
04,2026-02-14,2,2026-02-28,wk inc flu hosp,quantile,0.95,518.895061139768
05,2026-02-14,2,2026-02-28,wk inc flu hosp,quantile,0.95,209.7956333534542
06,2026-02-14,2,2026-02-28,wk inc flu hosp,quantile,0.95,2250.606119392493
08,2026-02-14,2,2026-02-28,wk inc flu hosp,quantile,0.95,143.82586618027176
09,2026-02-14,2,2026-02-28,wk inc flu hosp,quantile,0.95,65.17243866996829
10,2026-02-14,2,2026-02-28,wk inc flu hosp,quantile,0.95,46.58801205188613
11,2026-02-14,2,2026-02-28,wk inc flu hosp,quantile,0.95,9.125806159416806
12,2026-02-14,2,2026-02-28,wk inc flu hosp,quantile,0.95,1683.0869069751727
13,2026-02-14,2,2026-02-28,wk inc flu hosp,quantile,0.95,405.233433921708
15,2026-02-14,2,2026-02-28,wk inc flu hosp,quantile,0.95,36.95966350845638
16,2026-02-14,2,2026-02-28,wk inc flu hosp,quantile,0.95,139.99557396753156
17,2026-02-14,2,2026-02-28,wk inc flu hosp,quantile,0.95,524.39522200424
18,2026-02-14,2,2026-02-28,wk inc flu hosp,quantile,0.95,378.5325186721079
19,2026-02-14,2,2026-02-28,wk inc flu hosp,quantile,0.95,207.88939102389594
20,2026-02-14,2,2026-02-28,wk inc flu hosp,quantile,0.95,212.99534825998848
21,2026-02-14,2,2026-02-28,wk inc flu hosp,quantile,0.95,247.49481370841346
22,2026-02-14,2,2026-02-28,wk inc flu hosp,quantile,0.95,307.66567637575207
23,2026-02-14,2,2026-02-28,wk inc flu hosp,quantile,0.95,70.18998582509846
24,2026-02-14,2,2026-02-28,wk inc flu hosp,quantile,0.95,91.00620898696086
25,2026-02-14,2,2026-02-28,wk inc flu hosp,quantile,0.95,122.39996519454087
26,2026-02-14,2,2026-02-28,wk inc flu hosp,quantile,0.95,335.1325278262166
27,2026-02-14,2,2026-02-28,wk inc flu hosp,quantile,0.95,210.10989698464937
28,2026-02-14,2,2026-02-28,wk inc flu hosp,quantile,0.95,226.3612634841217
29,2026-02-14,2,2026-02-28,wk inc flu hosp,quantile,0.95,331.7211325595276
30,2026-02-14,2,2026-02-28,wk inc flu hosp,quantile,0.95,91.25708922400929
31,2026-02-14,2,2026-02-28,wk inc flu hosp,quantile,0.95,147.20672668678708
32,2026-02-14,2,2026-02-28,wk inc flu hosp,quantile,0.95,157.05859793060634
33,2026-02-14,2,2026-02-28,wk inc flu hosp,quantile,0.95,53.8190946478151
34,2026-02-14,2,2026-02-28,wk inc flu hosp,quantile,0.95,223.15221942480295
35,2026-02-14,2,2026-02-28,wk inc flu hosp,quantile,0.95,179.69989880143945
36,2026-02-14,2,2026-02-28,wk inc flu hosp,quantile,0.95,266.1003038120749
37,2026-02-14,2,2026-02-28,wk inc flu hosp,quantile,0.95,400.8062524456345
38,2026-02-14,2,2026-02-28,wk inc flu hosp,quantile,0.95,52.7056682056791
39,2026-02-14,2,2026-02-28,wk inc flu hosp,quantile,0.95,550.626699730906
40,2026-02-14,2,2026-02-28,wk inc flu hosp,quantile,0.95,238.84009815174278
41,2026-02-14,2,2026-02-28,wk inc flu hosp,quantile,0.95,545.0137810714502
42,2026-02-14,2,2026-02-28,wk inc flu hosp,quantile,0.95,769.2539051825265
44,2026-02-14,2,2026-02-28,wk inc flu hosp,quantile,0.95,26.953630213697785
45,2026-02-14,2,2026-02-28,wk inc flu hosp,quantile,0.95,206.1478561178479
46,2026-02-14,2,2026-02-28,wk inc flu hosp,quantile,0.95,61.25319203416842
47,2026-02-14,2,2026-02-28,wk inc flu hosp,quantile,0.95,345.07556212118
48,2026-02-14,2,2026-02-28,wk inc flu hosp,quantile,0.95,1400.418264357424
49,2026-02-14,2,2026-02-28,wk inc flu hosp,quantile,0.95,114.16120009891823
50,2026-02-14,2,2026-02-28,wk inc flu hosp,quantile,0.95,33.080537985731766
51,2026-02-14,2,2026-02-28,wk inc flu hosp,quantile,0.95,259.25213835815026
53,2026-02-14,2,2026-02-28,wk inc flu hosp,quantile,0.95,531.7461892678866
54,2026-02-14,2,2026-02-28,wk inc flu hosp,quantile,0.95,173.20784948604864
55,2026-02-14,2,2026-02-28,wk inc flu hosp,quantile,0.95,292.032291425321
56,2026-02-14,2,2026-02-28,wk inc flu hosp,quantile,0.95,29.134025394877455
72,2026-02-14,2,2026-02-28,wk inc flu hosp,quantile,0.95,220.30823063705887
01,2026-02-14,3,2026-03-07,wk inc flu hosp,quantile,0.95,410.3778495971442
02,2026-02-14,3,2026-03-07,wk inc flu hosp,quantile,0.95,20.358046112777505
04,2026-02-14,3,2026-03-07,wk inc flu hosp,quantile,0.95,543.5428855630968
05,2026-02-14,3,2026-03-07,wk inc flu hosp,quantile,0.95,211.64307148777314
06,2026-02-14,3,2026-03-07,wk inc flu hosp,quantile,0.95,2286.6397742482986
08,2026-02-14,3,2026-03-07,wk inc flu hosp,quantile,0.95,142.7170808438114
09,2026-02-14,3,2026-03-07,wk inc flu hosp,quantile,0.95,64.24302322600653
10,2026-02-14,3,2026-03-07,wk inc flu hosp,quantile,0.95,46.55418881021575
11,2026-02-14,3,2026-03-07,wk inc flu hosp,quantile,0.95,8.9550351793488
12,2026-02-14,3,2026-03-07,wk inc flu hosp,quantile,0.95,1664.6033267469247
13,2026-02-14,3,2026-03-07,wk inc flu hosp,quantile,0.95,405.2844453146056
15,2026-02-14,3,2026-03-07,wk inc flu hosp,quantile,0.95,37.26041354341731
16,2026-02-14,3,2026-03-07,wk inc flu hosp,quantile,0.95,139.67324973679808
17,2026-02-14,3,2026-03-07,wk inc flu hosp,quantile,0.95,524.9137331230825
18,2026-02-14,3,2026-03-07,wk inc flu hosp,quantile,0.95,379.276574691112
19,2026-02-14,3,2026-03-07,wk inc flu hosp,quantile,0.95,207.69468193477942
20,2026-02-14,3,2026-03-07,wk inc flu hosp,quantile,0.95,213.18546818243186
21,2026-02-14,3,2026-03-07,wk inc flu hosp,quantile,0.95,247.41136088123807
22,2026-02-14,3,2026-03-07,wk inc flu hosp,quantile,0.95,310.1507649982675
23,2026-02-14,3,2026-03-07,wk inc flu hosp,quantile,0.95,70.19011342643955
24,2026-02-14,3,2026-03-07,wk inc flu hosp,quantile,0.95,90.69195257487831
25,2026-02-14,3,2026-03-07,wk inc flu hosp,quantile,0.95,124.14062950806026
26,2026-02-14,3,2026-03-07,wk inc flu hosp,quantile,0.95,331.9687571599773
27,2026-02-14,3,2026-03-07,wk inc flu hosp,quantile,0.95,210.04415082341768
28,2026-02-14,3,2026-03-07,wk inc flu hosp,quantile,0.95,228.44953288112043
29,2026-02-14,3,2026-03-07,wk inc flu hosp,quantile,0.95,332.73255040210825
30,2026-02-14,3,2026-03-07,wk inc flu hosp,quantile,0.95,91.85875924546605
31,2026-02-14,3,2026-03-07,wk inc flu hosp,quantile,0.95,147.6166573496075
32,2026-02-14,3,2026-03-07,wk inc flu hosp,quantile,0.95,157.72738133300726
33,2026-02-14,3,2026-03-07,wk inc flu hosp,quantile,0.95,53.90326778464613
34,2026-02-14,3,2026-03-07,wk inc flu hosp,quantile,0.95,222.60610271562095
35,2026-02-14,3,2026-03-07,wk inc flu hosp,quantile,0.95,178.8699197998815
36,2026-02-14,3,2026-03-07,wk inc flu hosp,quantile,0.95,266.04341987640476
37,2026-02-14,3,2026-03-07,wk inc flu hosp,quantile,0.95,400.302045314109
38,2026-02-14,3,2026-03-07,wk inc flu hosp,quantile,0.95,52.372706858694436
39,2026-02-14,3,2026-03-07,wk inc flu hosp,quantile,0.95,548.1602729018384
40,2026-02-14,3,2026-03-07,wk inc flu hosp,quantile,0.95,237.32453035598903
41,2026-02-14,3,2026-03-07,wk inc flu hosp,quantile,0.95,544.3024649387007
42,2026-02-14,3,2026-03-07,wk inc flu hosp,quantile,0.95,766.9103548862204
44,2026-02-14,3,2026-03-07,wk inc flu hosp,quantile,0.95,26.743429423985035
45,2026-02-14,3,2026-03-07,wk inc flu hosp,quantile,0.95,204.4958912445243
46,2026-02-14,3,2026-03-07,wk inc flu hosp,quantile,0.95,60.559349247275236
47,2026-02-14,3,2026-03-07,wk inc flu hosp,quantile,0.95,343.59256614437027
48,2026-02-14,3,2026-03-07,wk inc flu hosp,quantile,0.95,1397.3709988175658
49,2026-02-14,3,2026-03-07,wk inc flu hosp,quantile,0.95,113.75436957451917
50,2026-02-14,3,2026-03-07,wk inc flu hosp,quantile,0.95,32.890681751632926
51,2026-02-14,3,2026-03-07,wk inc flu hosp,quantile,0.95,258.19194962735367
53,2026-02-14,3,2026-03-07,wk inc flu hosp,quantile,0.95,533.344164987835
54,2026-02-14,3,2026-03-07,wk inc flu hosp,quantile,0.95,172.6640937882079
55,2026-02-14,3,2026-03-07,wk inc flu hosp,quantile,0.95,291.873181638939
56,2026-02-14,3,2026-03-07,wk inc flu hosp,quantile,0.95,29.14906255833719
72,2026-02-14,3,2026-03-07,wk inc flu hosp,quantile,0.95,224.39638106990765
01,2026-02-14,0,2026-02-14,wk inc flu hosp,quantile,0.975,443.5049410166152
02,2026-02-14,0,2026-02-14,wk inc flu hosp,quantile,0.975,22.695605914819442
04,2026-02-14,0,2026-02-14,wk inc flu hosp,quantile,0.975,478.16486732781954
05,2026-02-14,0,2026-02-14,wk inc flu hosp,quantile,0.975,222.91470411751402
06,2026-02-14,0,2026-02-14,wk inc flu hosp,quantile,0.975,2261.1717346412806
08,2026-02-14,0,2026-02-14,wk inc flu hosp,quantile,0.975,153.46880022590597
09,2026-02-14,0,2026-02-14,wk inc flu hosp,quantile,0.975,74.7337479330928
10,2026-02-14,0,2026-02-14,wk inc flu hosp,quantile,0.975,57.32565878684004
11,2026-02-14,0,2026-02-14,wk inc flu hosp,quantile,0.975,11.027269447701373
12,2026-02-14,0,2026-02-14,wk inc flu hosp,quantile,0.975,1798.7670553991704
13,2026-02-14,0,2026-02-14,wk inc flu hosp,quantile,0.975,432.91643825277737
15,2026-02-14,0,2026-02-14,wk inc flu hosp,quantile,0.975,38.626275920671524
16,2026-02-14,0,2026-02-14,wk inc flu hosp,quantile,0.975,141.48090042893853
17,2026-02-14,0,2026-02-14,wk inc flu hosp,quantile,0.975,582.4251562508923
18,2026-02-14,0,2026-02-14,wk inc flu hosp,quantile,0.975,414.97184244670325
19,2026-02-14,0,2026-02-14,wk inc flu hosp,quantile,0.975,233.0008274297648
20,2026-02-14,0,2026-02-14,wk inc flu hosp,quantile,0.975,231.50878067826167
21,2026-02-14,0,2026-02-14,wk inc flu hosp,quantile,0.975,273.8145234316959
22,2026-02-14,0,2026-02-14,wk inc flu hosp,quantile,0.975,336.425306879108
23,2026-02-14,0,2026-02-14,wk inc flu hosp,quantile,0.975,81.29435469892027
24,2026-02-14,0,2026-02-14,wk inc flu hosp,quantile,0.975,104.23178376688972
25,2026-02-14,0,2026-02-14,wk inc flu hosp,quantile,0.975,139.03327042023793
26,2026-02-14,0,2026-02-14,wk inc flu hosp,quantile,0.975,364.50737105006897
27,2026-02-14,0,2026-02-14,wk inc flu hosp,quantile,0.975,236.06006287402596
28,2026-02-14,0,2026-02-14,wk inc flu hosp,quantile,0.975,239.21526373269776
29,2026-02-14,0,2026-02-14,wk inc flu hosp,quantile,0.975,363.4678054541063
30,2026-02-14,0,2026-02-14,wk inc flu hosp,quantile,0.975,90.95133526687266
31,2026-02-14,0,2026-02-14,wk inc flu hosp,quantile,0.975,160.06003730014615
32,2026-02-14,0,2026-02-14,wk inc flu hosp,quantile,0.975,142.94369060380262
33,2026-02-14,0,2026-02-14,wk inc flu hosp,quantile,0.975,63.047086578600386
34,2026-02-14,0,2026-02-14,wk inc flu hosp,quantile,0.975,254.68713400355492
35,2026-02-14,0,2026-02-14,wk inc flu hosp,quantile,0.975,192.83729346268115
36,2026-02-14,0,2026-02-14,wk inc flu hosp,quantile,0.975,301.80424242976164
37,2026-02-14,0,2026-02-14,wk inc flu hosp,quantile,0.975,464.5842227000263
38,2026-02-14,0,2026-02-14,wk inc flu hosp,quantile,0.975,60.124336882175484
39,2026-02-14,0,2026-02-14,wk inc flu hosp,quantile,0.975,615.7418674062586
40,2026-02-14,0,2026-02-14,wk inc flu hosp,quantile,0.975,228.19596334134172
41,2026-02-14,0,2026-02-14,wk inc flu hosp,quantile,0.975,551.6534102082925
42,2026-02-14,0,2026-02-14,wk inc flu hosp,quantile,0.975,853.6547671054115
44,2026-02-14,0,2026-02-14,wk inc flu hosp,quantile,0.975,32.41780579260393
45,2026-02-14,0,2026-02-14,wk inc flu hosp,quantile,0.975,225.04060073825636
46,2026-02-14,0,2026-02-14,wk inc flu hosp,quantile,0.975,67.29640646507315
47,2026-02-14,0,2026-02-14,wk inc flu hosp,quantile,0.975,368.36131660014706
48,2026-02-14,0,2026-02-14,wk inc flu hosp,quantile,0.975,1489.9169343497988
49,2026-02-14,0,2026-02-14,wk inc flu hosp,quantile,0.975,122.11165791170761
50,2026-02-14,0,2026-02-14,wk inc flu hosp,quantile,0.975,37.03935711927506
51,2026-02-14,0,2026-02-14,wk inc flu hosp,quantile,0.975,294.4049045781182
53,2026-02-14,0,2026-02-14,wk inc flu hosp,quantile,0.975,532.4498763514232
54,2026-02-14,0,2026-02-14,wk inc flu hosp,quantile,0.975,194.50023939951635
55,2026-02-14,0,2026-02-14,wk inc flu hosp,quantile,0.975,328.0762300839093
56,2026-02-14,0,2026-02-14,wk inc flu hosp,quantile,0.975,30.94582027869466
72,2026-02-14,0,2026-02-14,wk inc flu hosp,quantile,0.975,222.05397672018677
01,2026-02-14,1,2026-02-21,wk inc flu hosp,quantile,0.975,467.8994359350969
02,2026-02-14,1,2026-02-21,wk inc flu hosp,quantile,0.975,24.352950199354886
04,2026-02-14,1,2026-02-21,wk inc flu hosp,quantile,0.975,551.1514619746978
05,2026-02-14,1,2026-02-21,wk inc flu hosp,quantile,0.975,240.5923811409099
06,2026-02-14,1,2026-02-21,wk inc flu hosp,quantile,0.975,2429.4306424537863
08,2026-02-14,1,2026-02-21,wk inc flu hosp,quantile,0.975,163.8967422632295
09,2026-02-14,1,2026-02-21,wk inc flu hosp,quantile,0.975,79.52852579380819
10,2026-02-14,1,2026-02-21,wk inc flu hosp,quantile,0.975,59.359458589233206
11,2026-02-14,1,2026-02-21,wk inc flu hosp,quantile,0.975,11.760804910260097
12,2026-02-14,1,2026-02-21,wk inc flu hosp,quantile,0.975,1881.32249846997
13,2026-02-14,1,2026-02-21,wk inc flu hosp,quantile,0.975,460.42119396765014
15,2026-02-14,1,2026-02-21,wk inc flu hosp,quantile,0.975,41.77595563752782
16,2026-02-14,1,2026-02-21,wk inc flu hosp,quantile,0.975,152.190300596763
17,2026-02-14,1,2026-02-21,wk inc flu hosp,quantile,0.975,608.7406641851683
18,2026-02-14,1,2026-02-21,wk inc flu hosp,quantile,0.975,434.00836360198065
19,2026-02-14,1,2026-02-21,wk inc flu hosp,quantile,0.975,242.86872204664527
20,2026-02-14,1,2026-02-21,wk inc flu hosp,quantile,0.975,241.94218856124107
21,2026-02-14,1,2026-02-21,wk inc flu hosp,quantile,0.975,289.41685062390576
22,2026-02-14,1,2026-02-21,wk inc flu hosp,quantile,0.975,354.1759411702642
23,2026-02-14,1,2026-02-21,wk inc flu hosp,quantile,0.975,84.71737760055063
24,2026-02-14,1,2026-02-21,wk inc flu hosp,quantile,0.975,112.10788011528619
25,2026-02-14,1,2026-02-21,wk inc flu hosp,quantile,0.975,147.60588045997056
26,2026-02-14,1,2026-02-21,wk inc flu hosp,quantile,0.975,384.66048781401224
27,2026-02-14,1,2026-02-21,wk inc flu hosp,quantile,0.975,249.30440829455137
28,2026-02-14,1,2026-02-21,wk inc flu hosp,quantile,0.975,254.11681655583254
29,2026-02-14,1,2026-02-21,wk inc flu hosp,quantile,0.975,382.73234063237965
30,2026-02-14,1,2026-02-21,wk inc flu hosp,quantile,0.975,97.75718262681987
31,2026-02-14,1,2026-02-21,wk inc flu hosp,quantile,0.975,168.40168289502762
32,2026-02-14,1,2026-02-21,wk inc flu hosp,quantile,0.975,164.5239545842872
33,2026-02-14,1,2026-02-21,wk inc flu hosp,quantile,0.975,66.15301306615515
34,2026-02-14,1,2026-02-21,wk inc flu hosp,quantile,0.975,272.3906434989023
35,2026-02-14,1,2026-02-21,wk inc flu hosp,quantile,0.975,205.02142210871824
36,2026-02-14,1,2026-02-21,wk inc flu hosp,quantile,0.975,325.5827048528248
37,2026-02-14,1,2026-02-21,wk inc flu hosp,quantile,0.975,489.5936045102364
38,2026-02-14,1,2026-02-21,wk inc flu hosp,quantile,0.975,62.19548027963918
39,2026-02-14,1,2026-02-21,wk inc flu hosp,quantile,0.975,648.8062288189655
40,2026-02-14,1,2026-02-21,wk inc flu hosp,quantile,0.975,252.58360860208478
41,2026-02-14,1,2026-02-21,wk inc flu hosp,quantile,0.975,584.508526168242
42,2026-02-14,1,2026-02-21,wk inc flu hosp,quantile,0.975,898.9668087220202
44,2026-02-14,1,2026-02-21,wk inc flu hosp,quantile,0.975,34.05614348355446
45,2026-02-14,1,2026-02-21,wk inc flu hosp,quantile,0.975,239.11377498888527
46,2026-02-14,1,2026-02-21,wk inc flu hosp,quantile,0.975,70.92660663624646
47,2026-02-14,1,2026-02-21,wk inc flu hosp,quantile,0.975,387.11954248580804
48,2026-02-14,1,2026-02-21,wk inc flu hosp,quantile,0.975,1570.6765353054184
49,2026-02-14,1,2026-02-21,wk inc flu hosp,quantile,0.975,128.87716889987402
50,2026-02-14,1,2026-02-21,wk inc flu hosp,quantile,0.975,38.44426754540645
51,2026-02-14,1,2026-02-21,wk inc flu hosp,quantile,0.975,308.236888907289
53,2026-02-14,1,2026-02-21,wk inc flu hosp,quantile,0.975,577.8934891449402
54,2026-02-14,1,2026-02-21,wk inc flu hosp,quantile,0.975,202.32691182174187
55,2026-02-14,1,2026-02-21,wk inc flu hosp,quantile,0.975,346.6634524109748
56,2026-02-14,1,2026-02-21,wk inc flu hosp,quantile,0.975,33.22957843453605
72,2026-02-14,1,2026-02-21,wk inc flu hosp,quantile,0.975,239.62631689124782
01,2026-02-14,2,2026-02-28,wk inc flu hosp,quantile,0.975,477.5295624664799
02,2026-02-14,2,2026-02-28,wk inc flu hosp,quantile,0.975,24.890107270802794
04,2026-02-14,2,2026-02-28,wk inc flu hosp,quantile,0.975,582.6593728798136
05,2026-02-14,2,2026-02-28,wk inc flu hosp,quantile,0.975,242.85812161538954
06,2026-02-14,2,2026-02-28,wk inc flu hosp,quantile,0.975,2498.1219751848857
08,2026-02-14,2,2026-02-28,wk inc flu hosp,quantile,0.975,169.24186615299473
09,2026-02-14,2,2026-02-28,wk inc flu hosp,quantile,0.975,82.27854782164927
10,2026-02-14,2,2026-02-28,wk inc flu hosp,quantile,0.975,60.75006962273421
11,2026-02-14,2,2026-02-28,wk inc flu hosp,quantile,0.975,12.248316698748868
12,2026-02-14,2,2026-02-28,wk inc flu hosp,quantile,0.975,1894.2194679450843
13,2026-02-14,2,2026-02-28,wk inc flu hosp,quantile,0.975,472.9140849377428
15,2026-02-14,2,2026-02-28,wk inc flu hosp,quantile,0.975,43.285096087411276
16,2026-02-14,2,2026-02-28,wk inc flu hosp,quantile,0.975,156.1422742628421
17,2026-02-14,2,2026-02-28,wk inc flu hosp,quantile,0.975,622.1557000905395
18,2026-02-14,2,2026-02-28,wk inc flu hosp,quantile,0.975,444.6123653873892
19,2026-02-14,2,2026-02-28,wk inc flu hosp,quantile,0.975,246.46868482868706
20,2026-02-14,2,2026-02-28,wk inc flu hosp,quantile,0.975,244.95713915914166
21,2026-02-14,2,2026-02-28,wk inc flu hosp,quantile,0.975,295.48518901847626
22,2026-02-14,2,2026-02-28,wk inc flu hosp,quantile,0.975,362.57954869739325
23,2026-02-14,2,2026-02-28,wk inc flu hosp,quantile,0.975,86.49622413938268
24,2026-02-14,2,2026-02-28,wk inc flu hosp,quantile,0.975,116.30202953063932
25,2026-02-14,2,2026-02-28,wk inc flu hosp,quantile,0.975,153.2263733868045
26,2026-02-14,2,2026-02-28,wk inc flu hosp,quantile,0.975,393.03820412666204
27,2026-02-14,2,2026-02-28,wk inc flu hosp,quantile,0.975,256.8884360136052
28,2026-02-14,2,2026-02-28,wk inc flu hosp,quantile,0.975,260.6065894609031
29,2026-02-14,2,2026-02-28,wk inc flu hosp,quantile,0.975,393.4254898478713
30,2026-02-14,2,2026-02-28,wk inc flu hosp,quantile,0.975,100.90830392980831
31,2026-02-14,2,2026-02-28,wk inc flu hosp,quantile,0.975,170.62249648688302
32,2026-02-14,2,2026-02-28,wk inc flu hosp,quantile,0.975,173.07763425222655
33,2026-02-14,2,2026-02-28,wk inc flu hosp,quantile,0.975,67.49054230355468
34,2026-02-14,2,2026-02-28,wk inc flu hosp,quantile,0.975,279.2487339585814
35,2026-02-14,2,2026-02-28,wk inc flu hosp,quantile,0.975,206.038592091672
36,2026-02-14,2,2026-02-28,wk inc flu hosp,quantile,0.975,340.82527944596586
37,2026-02-14,2,2026-02-28,wk inc flu hosp,quantile,0.975,498.79684659972884
38,2026-02-14,2,2026-02-28,wk inc flu hosp,quantile,0.975,63.66494437462835
39,2026-02-14,2,2026-02-28,wk inc flu hosp,quantile,0.975,666.2752384812198
40,2026-02-14,2,2026-02-28,wk inc flu hosp,quantile,0.975,262.9606896848956
41,2026-02-14,2,2026-02-28,wk inc flu hosp,quantile,0.975,593.8491404255641
42,2026-02-14,2,2026-02-28,wk inc flu hosp,quantile,0.975,921.9677959405294
44,2026-02-14,2,2026-02-28,wk inc flu hosp,quantile,0.975,35.17013474693597
45,2026-02-14,2,2026-02-28,wk inc flu hosp,quantile,0.975,243.37324997996328
46,2026-02-14,2,2026-02-28,wk inc flu hosp,quantile,0.975,72.69940804385179
47,2026-02-14,2,2026-02-28,wk inc flu hosp,quantile,0.975,394.18754008612586
48,2026-02-14,2,2026-02-28,wk inc flu hosp,quantile,0.975,1584.3483405978086
49,2026-02-14,2,2026-02-28,wk inc flu hosp,quantile,0.975,132.73428644110427
50,2026-02-14,2,2026-02-28,wk inc flu hosp,quantile,0.975,39.57430988258645
51,2026-02-14,2,2026-02-28,wk inc flu hosp,quantile,0.975,314.76456079086205
53,2026-02-14,2,2026-02-28,wk inc flu hosp,quantile,0.975,598.6824316289182
54,2026-02-14,2,2026-02-28,wk inc flu hosp,quantile,0.975,206.58979284645653
55,2026-02-14,2,2026-02-28,wk inc flu hosp,quantile,0.975,349.91600289557533
56,2026-02-14,2,2026-02-28,wk inc flu hosp,quantile,0.975,34.22760061022749
72,2026-02-14,2,2026-02-28,wk inc flu hosp,quantile,0.975,247.6320778364052
01,2026-02-14,3,2026-03-07,wk inc flu hosp,quantile,0.975,483.57662963595743
02,2026-02-14,3,2026-03-07,wk inc flu hosp,quantile,0.975,25.490190932495263
04,2026-02-14,3,2026-03-07,wk inc flu hosp,quantile,0.975,606.5251367313949
05,2026-02-14,3,2026-03-07,wk inc flu hosp,quantile,0.975,247.65769324934297
06,2026-02-14,3,2026-03-07,wk inc flu hosp,quantile,0.975,2555.8777901400604
08,2026-02-14,3,2026-03-07,wk inc flu hosp,quantile,0.975,173.00355503190144
09,2026-02-14,3,2026-03-07,wk inc flu hosp,quantile,0.975,86.3278165400803
10,2026-02-14,3,2026-03-07,wk inc flu hosp,quantile,0.975,61.45266552889104
11,2026-02-14,3,2026-03-07,wk inc flu hosp,quantile,0.975,12.644924481394712
12,2026-02-14,3,2026-03-07,wk inc flu hosp,quantile,0.975,1927.2729875197278
13,2026-02-14,3,2026-03-07,wk inc flu hosp,quantile,0.975,482.0740970652255
15,2026-02-14,3,2026-03-07,wk inc flu hosp,quantile,0.975,43.72931840135397
16,2026-02-14,3,2026-03-07,wk inc flu hosp,quantile,0.975,160.1958724744348
17,2026-02-14,3,2026-03-07,wk inc flu hosp,quantile,0.975,628.7819973535227
18,2026-02-14,3,2026-03-07,wk inc flu hosp,quantile,0.975,456.1701328655766
19,2026-02-14,3,2026-03-07,wk inc flu hosp,quantile,0.975,249.93549461078604
20,2026-02-14,3,2026-03-07,wk inc flu hosp,quantile,0.975,246.25818618898765
21,2026-02-14,3,2026-03-07,wk inc flu hosp,quantile,0.975,301.4652236325994
22,2026-02-14,3,2026-03-07,wk inc flu hosp,quantile,0.975,366.47740713444813
23,2026-02-14,3,2026-03-07,wk inc flu hosp,quantile,0.975,87.39714719109122
24,2026-02-14,3,2026-03-07,wk inc flu hosp,quantile,0.975,121.09471328556077
25,2026-02-14,3,2026-03-07,wk inc flu hosp,quantile,0.975,159.84245375584533
26,2026-02-14,3,2026-03-07,wk inc flu hosp,quantile,0.975,399.52550959985024
27,2026-02-14,3,2026-03-07,wk inc flu hosp,quantile,0.975,259.2215630163166
28,2026-02-14,3,2026-03-07,wk inc flu hosp,quantile,0.975,263.8657413302732
29,2026-02-14,3,2026-03-07,wk inc flu hosp,quantile,0.975,397.8488385487414
30,2026-02-14,3,2026-03-07,wk inc flu hosp,quantile,0.975,102.99515382748523
31,2026-02-14,3,2026-03-07,wk inc flu hosp,quantile,0.975,173.15216293253093
32,2026-02-14,3,2026-03-07,wk inc flu hosp,quantile,0.975,178.9999469394882
33,2026-02-14,3,2026-03-07,wk inc flu hosp,quantile,0.975,68.17904912527636
34,2026-02-14,3,2026-03-07,wk inc flu hosp,quantile,0.975,288.03855521123984
35,2026-02-14,3,2026-03-07,wk inc flu hosp,quantile,0.975,210.2783986088006
36,2026-02-14,3,2026-03-07,wk inc flu hosp,quantile,0.975,352.5770809906592
37,2026-02-14,3,2026-03-07,wk inc flu hosp,quantile,0.975,509.40906551590757
38,2026-02-14,3,2026-03-07,wk inc flu hosp,quantile,0.975,63.8700957496839
39,2026-02-14,3,2026-03-07,wk inc flu hosp,quantile,0.975,672.5991546908714
40,2026-02-14,3,2026-03-07,wk inc flu hosp,quantile,0.975,271.7192848549274
41,2026-02-14,3,2026-03-07,wk inc flu hosp,quantile,0.975,598.1390654990771
42,2026-02-14,3,2026-03-07,wk inc flu hosp,quantile,0.975,929.425218328551
44,2026-02-14,3,2026-03-07,wk inc flu hosp,quantile,0.975,35.69413281930109
45,2026-02-14,3,2026-03-07,wk inc flu hosp,quantile,0.975,249.4207602488143
46,2026-02-14,3,2026-03-07,wk inc flu hosp,quantile,0.975,72.8797606234517
47,2026-02-14,3,2026-03-07,wk inc flu hosp,quantile,0.975,406.1834133446487
48,2026-02-14,3,2026-03-07,wk inc flu hosp,quantile,0.975,1624.8581924255107
49,2026-02-14,3,2026-03-07,wk inc flu hosp,quantile,0.975,134.29036003411215
50,2026-02-14,3,2026-03-07,wk inc flu hosp,quantile,0.975,40.36823353351032
51,2026-02-14,3,2026-03-07,wk inc flu hosp,quantile,0.975,321.21729159698555
53,2026-02-14,3,2026-03-07,wk inc flu hosp,quantile,0.975,610.1633851668163
54,2026-02-14,3,2026-03-07,wk inc flu hosp,quantile,0.975,208.84194811947074
55,2026-02-14,3,2026-03-07,wk inc flu hosp,quantile,0.975,354.80852232867005
56,2026-02-14,3,2026-03-07,wk inc flu hosp,quantile,0.975,34.66914589981443
72,2026-02-14,3,2026-03-07,wk inc flu hosp,quantile,0.975,253.8657467500466
01,2026-02-14,0,2026-02-14,wk inc flu hosp,quantile,0.99,498.85763598163834
02,2026-02-14,0,2026-02-14,wk inc flu hosp,quantile,0.99,24.493709774287087
04,2026-02-14,0,2026-02-14,wk inc flu hosp,quantile,0.99,558.2389753342724
05,2026-02-14,0,2026-02-14,wk inc flu hosp,quantile,0.99,260.6551774864142
06,2026-02-14,0,2026-02-14,wk inc flu hosp,quantile,0.99,2517.9071437329703
08,2026-02-14,0,2026-02-14,wk inc flu hosp,quantile,0.99,186.67492515109916
09,2026-02-14,0,2026-02-14,wk inc flu hosp,quantile,0.99,94.7171980831142
10,2026-02-14,0,2026-02-14,wk inc flu hosp,quantile,0.99,71.528446672762
11,2026-02-14,0,2026-02-14,wk inc flu hosp,quantile,0.99,13.40369853546202
12,2026-02-14,0,2026-02-14,wk inc flu hosp,quantile,0.99,2062.5085772585135
13,2026-02-14,0,2026-02-14,wk inc flu hosp,quantile,0.99,517.0252876260596
15,2026-02-14,0,2026-02-14,wk inc flu hosp,quantile,0.99,43.25489813613437
16,2026-02-14,0,2026-02-14,wk inc flu hosp,quantile,0.99,161.8781399404223
17,2026-02-14,0,2026-02-14,wk inc flu hosp,quantile,0.99,678.2048857281757
18,2026-02-14,0,2026-02-14,wk inc flu hosp,quantile,0.99,489.9290449018779
19,2026-02-14,0,2026-02-14,wk inc flu hosp,quantile,0.99,274.16417844310047
20,2026-02-14,0,2026-02-14,wk inc flu hosp,quantile,0.99,272.33379459492704
21,2026-02-14,0,2026-02-14,wk inc flu hosp,quantile,0.99,330.18444658996265
22,2026-02-14,0,2026-02-14,wk inc flu hosp,quantile,0.99,390.5901155003103
23,2026-02-14,0,2026-02-14,wk inc flu hosp,quantile,0.99,95.20892374207273
24,2026-02-14,0,2026-02-14,wk inc flu hosp,quantile,0.99,131.32002511325098
25,2026-02-14,0,2026-02-14,wk inc flu hosp,quantile,0.99,185.17164424339663
26,2026-02-14,0,2026-02-14,wk inc flu hosp,quantile,0.99,428.69336355513855
27,2026-02-14,0,2026-02-14,wk inc flu hosp,quantile,0.99,285.29843913665815
28,2026-02-14,0,2026-02-14,wk inc flu hosp,quantile,0.99,274.4060718077202
29,2026-02-14,0,2026-02-14,wk inc flu hosp,quantile,0.99,437.6800377973663
30,2026-02-14,0,2026-02-14,wk inc flu hosp,quantile,0.99,101.29095524798886
31,2026-02-14,0,2026-02-14,wk inc flu hosp,quantile,0.99,187.9095709717615
32,2026-02-14,0,2026-02-14,wk inc flu hosp,quantile,0.99,151.52237681760383
33,2026-02-14,0,2026-02-14,wk inc flu hosp,quantile,0.99,77.79131114406887
34,2026-02-14,0,2026-02-14,wk inc flu hosp,quantile,0.99,321.1948253992517
35,2026-02-14,0,2026-02-14,wk inc flu hosp,quantile,0.99,220.18617724221193
36,2026-02-14,0,2026-02-14,wk inc flu hosp,quantile,0.99,377.0355239726508
37,2026-02-14,0,2026-02-14,wk inc flu hosp,quantile,0.99,551.9032798192743
38,2026-02-14,0,2026-02-14,wk inc flu hosp,quantile,0.99,70.93762113356982
39,2026-02-14,0,2026-02-14,wk inc flu hosp,quantile,0.99,742.15158231583
40,2026-02-14,0,2026-02-14,wk inc flu hosp,quantile,0.99,263.3015092502675
41,2026-02-14,0,2026-02-14,wk inc flu hosp,quantile,0.99,601.1317118946583
42,2026-02-14,0,2026-02-14,wk inc flu hosp,quantile,0.99,1010.3585162969273
44,2026-02-14,0,2026-02-14,wk inc flu hosp,quantile,0.99,41.503020558649084
45,2026-02-14,0,2026-02-14,wk inc flu hosp,quantile,0.99,271.3024131377123
46,2026-02-14,0,2026-02-14,wk inc flu hosp,quantile,0.99,79.28196831332086
47,2026-02-14,0,2026-02-14,wk inc flu hosp,quantile,0.99,434.76403345263265
48,2026-02-14,0,2026-02-14,wk inc flu hosp,quantile,0.99,1716.2986045198181
49,2026-02-14,0,2026-02-14,wk inc flu hosp,quantile,0.99,139.92639939903466
50,2026-02-14,0,2026-02-14,wk inc flu hosp,quantile,0.99,43.89121123805004
51,2026-02-14,0,2026-02-14,wk inc flu hosp,quantile,0.99,371.0402376925845
53,2026-02-14,0,2026-02-14,wk inc flu hosp,quantile,0.99,584.7733000203265
54,2026-02-14,0,2026-02-14,wk inc flu hosp,quantile,0.99,228.48695887568564
55,2026-02-14,0,2026-02-14,wk inc flu hosp,quantile,0.99,391.54797979794955
56,2026-02-14,0,2026-02-14,wk inc flu hosp,quantile,0.99,35.210243564251925
72,2026-02-14,0,2026-02-14,wk inc flu hosp,quantile,0.99,251.6677000421005
01,2026-02-14,1,2026-02-21,wk inc flu hosp,quantile,0.99,548.0580062998561
02,2026-02-14,1,2026-02-21,wk inc flu hosp,quantile,0.99,26.63585462301624
04,2026-02-14,1,2026-02-21,wk inc flu hosp,quantile,0.99,663.0886823850464
05,2026-02-14,1,2026-02-21,wk inc flu hosp,quantile,0.99,287.891192049229
06,2026-02-14,1,2026-02-21,wk inc flu hosp,quantile,0.99,2810.1415561273743
08,2026-02-14,1,2026-02-21,wk inc flu hosp,quantile,0.99,207.43773189512555
09,2026-02-14,1,2026-02-21,wk inc flu hosp,quantile,0.99,104.12361051376736
10,2026-02-14,1,2026-02-21,wk inc flu hosp,quantile,0.99,76.46957277670558
11,2026-02-14,1,2026-02-21,wk inc flu hosp,quantile,0.99,14.80246334385184
12,2026-02-14,1,2026-02-21,wk inc flu hosp,quantile,0.99,2199.074605049162
13,2026-02-14,1,2026-02-21,wk inc flu hosp,quantile,0.99,562.5148847498742
15,2026-02-14,1,2026-02-21,wk inc flu hosp,quantile,0.99,47.9516649194178
16,2026-02-14,1,2026-02-21,wk inc flu hosp,quantile,0.99,182.21686748900984
17,2026-02-14,1,2026-02-21,wk inc flu hosp,quantile,0.99,729.4765735053448
18,2026-02-14,1,2026-02-21,wk inc flu hosp,quantile,0.99,531.1592935945247
19,2026-02-14,1,2026-02-21,wk inc flu hosp,quantile,0.99,290.8937383985025
20,2026-02-14,1,2026-02-21,wk inc flu hosp,quantile,0.99,290.1722161017664
21,2026-02-14,1,2026-02-21,wk inc flu hosp,quantile,0.99,354.0749478400747
22,2026-02-14,1,2026-02-21,wk inc flu hosp,quantile,0.99,420.3386002275699
23,2026-02-14,1,2026-02-21,wk inc flu hosp,quantile,0.99,101.24942776744672
24,2026-02-14,1,2026-02-21,wk inc flu hosp,quantile,0.99,145.0990201653971
25,2026-02-14,1,2026-02-21,wk inc flu hosp,quantile,0.99,204.66928674020366
26,2026-02-14,1,2026-02-21,wk inc flu hosp,quantile,0.99,465.80324302902284
27,2026-02-14,1,2026-02-21,wk inc flu hosp,quantile,0.99,310.5774329563774
28,2026-02-14,1,2026-02-21,wk inc flu hosp,quantile,0.99,296.9453549817602
29,2026-02-14,1,2026-02-21,wk inc flu hosp,quantile,0.99,469.64231852806523
30,2026-02-14,1,2026-02-21,wk inc flu hosp,quantile,0.99,110.5236657973796
31,2026-02-14,1,2026-02-21,wk inc flu hosp,quantile,0.99,198.6707484533678
32,2026-02-14,1,2026-02-21,wk inc flu hosp,quantile,0.99,174.4522339821775
33,2026-02-14,1,2026-02-21,wk inc flu hosp,quantile,0.99,82.97637493842035
34,2026-02-14,1,2026-02-21,wk inc flu hosp,quantile,0.99,355.4982475313539
35,2026-02-14,1,2026-02-21,wk inc flu hosp,quantile,0.99,238.35319120596495
36,2026-02-14,1,2026-02-21,wk inc flu hosp,quantile,0.99,422.2188556142503
37,2026-02-14,1,2026-02-21,wk inc flu hosp,quantile,0.99,604.7801278738511
38,2026-02-14,1,2026-02-21,wk inc flu hosp,quantile,0.99,75.20262433877012
39,2026-02-14,1,2026-02-21,wk inc flu hosp,quantile,0.99,803.7478868163691
40,2026-02-14,1,2026-02-21,wk inc flu hosp,quantile,0.99,297.0424342717711
41,2026-02-14,1,2026-02-21,wk inc flu hosp,quantile,0.99,667.5066784377907
42,2026-02-14,1,2026-02-21,wk inc flu hosp,quantile,0.99,1085.8750938827998
44,2026-02-14,1,2026-02-21,wk inc flu hosp,quantile,0.99,44.64634156508909
45,2026-02-14,1,2026-02-21,wk inc flu hosp,quantile,0.99,296.9335533679547
46,2026-02-14,1,2026-02-21,wk inc flu hosp,quantile,0.99,84.97804072405089
47,2026-02-14,1,2026-02-21,wk inc flu hosp,quantile,0.99,470.82021785216153
48,2026-02-14,1,2026-02-21,wk inc flu hosp,quantile,0.99,1866.0652453273087
49,2026-02-14,1,2026-02-21,wk inc flu hosp,quantile,0.99,155.19693181861282
50,2026-02-14,1,2026-02-21,wk inc flu hosp,quantile,0.99,46.668106743606444
51,2026-02-14,1,2026-02-21,wk inc flu hosp,quantile,0.99,397.25013412597434
53,2026-02-14,1,2026-02-21,wk inc flu hosp,quantile,0.99,648.8890602677159
54,2026-02-14,1,2026-02-21,wk inc flu hosp,quantile,0.99,239.92373060399493
55,2026-02-14,1,2026-02-21,wk inc flu hosp,quantile,0.99,420.7209256566901
56,2026-02-14,1,2026-02-21,wk inc flu hosp,quantile,0.99,38.60097603769091
72,2026-02-14,1,2026-02-21,wk inc flu hosp,quantile,0.99,279.48118549390466
01,2026-02-14,2,2026-02-28,wk inc flu hosp,quantile,0.99,567.9219320203188
02,2026-02-14,2,2026-02-28,wk inc flu hosp,quantile,0.99,27.68027005784953
04,2026-02-14,2,2026-02-28,wk inc flu hosp,quantile,0.99,710.9883743704479
05,2026-02-14,2,2026-02-28,wk inc flu hosp,quantile,0.99,298.5636237379396
06,2026-02-14,2,2026-02-28,wk inc flu hosp,quantile,0.99,2917.4198986650895
08,2026-02-14,2,2026-02-28,wk inc flu hosp,quantile,0.99,216.801235640554
09,2026-02-14,2,2026-02-28,wk inc flu hosp,quantile,0.99,111.9062293603693
10,2026-02-14,2,2026-02-28,wk inc flu hosp,quantile,0.99,78.73647468244035
11,2026-02-14,2,2026-02-28,wk inc flu hosp,quantile,0.99,15.72543823445979
12,2026-02-14,2,2026-02-28,wk inc flu hosp,quantile,0.99,2258.5691065238225
13,2026-02-14,2,2026-02-28,wk inc flu hosp,quantile,0.99,587.6471104991899
15,2026-02-14,2,2026-02-28,wk inc flu hosp,quantile,0.99,50.23895545036086
16,2026-02-14,2,2026-02-28,wk inc flu hosp,quantile,0.99,190.68414929175003
17,2026-02-14,2,2026-02-28,wk inc flu hosp,quantile,0.99,771.0407359487388
18,2026-02-14,2,2026-02-28,wk inc flu hosp,quantile,0.99,553.6818493217032
19,2026-02-14,2,2026-02-28,wk inc flu hosp,quantile,0.99,301.6265875664111
20,2026-02-14,2,2026-02-28,wk inc flu hosp,quantile,0.99,299.5285735511505
21,2026-02-14,2,2026-02-28,wk inc flu hosp,quantile,0.99,370.48405011847586
22,2026-02-14,2,2026-02-28,wk inc flu hosp,quantile,0.99,435.90763240639194
23,2026-02-14,2,2026-02-28,wk inc flu hosp,quantile,0.99,105.41459078349328
24,2026-02-14,2,2026-02-28,wk inc flu hosp,quantile,0.99,154.6022776564692
25,2026-02-14,2,2026-02-28,wk inc flu hosp,quantile,0.99,215.92384265880463
26,2026-02-14,2,2026-02-28,wk inc flu hosp,quantile,0.99,486.6455201850994
27,2026-02-14,2,2026-02-28,wk inc flu hosp,quantile,0.99,322.4778403366838
28,2026-02-14,2,2026-02-28,wk inc flu hosp,quantile,0.99,307.35647207711725
29,2026-02-14,2,2026-02-28,wk inc flu hosp,quantile,0.99,493.99482383616754
30,2026-02-14,2,2026-02-28,wk inc flu hosp,quantile,0.99,114.7137872992275
31,2026-02-14,2,2026-02-28,wk inc flu hosp,quantile,0.99,203.5295908199302
32,2026-02-14,2,2026-02-28,wk inc flu hosp,quantile,0.99,185.4076154344883
33,2026-02-14,2,2026-02-28,wk inc flu hosp,quantile,0.99,85.8812648568041
34,2026-02-14,2,2026-02-28,wk inc flu hosp,quantile,0.99,372.88236978272533
35,2026-02-14,2,2026-02-28,wk inc flu hosp,quantile,0.99,247.25944436124703
36,2026-02-14,2,2026-02-28,wk inc flu hosp,quantile,0.99,461.47289348488175
37,2026-02-14,2,2026-02-28,wk inc flu hosp,quantile,0.99,643.4440931277917
38,2026-02-14,2,2026-02-28,wk inc flu hosp,quantile,0.99,76.49216586149771
39,2026-02-14,2,2026-02-28,wk inc flu hosp,quantile,0.99,844.0318540252354
40,2026-02-14,2,2026-02-28,wk inc flu hosp,quantile,0.99,313.0838847268691
41,2026-02-14,2,2026-02-28,wk inc flu hosp,quantile,0.99,677.5364917759605
42,2026-02-14,2,2026-02-28,wk inc flu hosp,quantile,0.99,1134.4295413720072
44,2026-02-14,2,2026-02-28,wk inc flu hosp,quantile,0.99,47.16304966438724
45,2026-02-14,2,2026-02-28,wk inc flu hosp,quantile,0.99,308.4199930558794
46,2026-02-14,2,2026-02-28,wk inc flu hosp,quantile,0.99,87.26656487236335
47,2026-02-14,2,2026-02-28,wk inc flu hosp,quantile,0.99,491.6583211398751
48,2026-02-14,2,2026-02-28,wk inc flu hosp,quantile,0.99,1934.5556408249429
49,2026-02-14,2,2026-02-28,wk inc flu hosp,quantile,0.99,159.695993202074
50,2026-02-14,2,2026-02-28,wk inc flu hosp,quantile,0.99,48.69102930560336
51,2026-02-14,2,2026-02-28,wk inc flu hosp,quantile,0.99,412.28653456518924
53,2026-02-14,2,2026-02-28,wk inc flu hosp,quantile,0.99,677.4314292184387
54,2026-02-14,2,2026-02-28,wk inc flu hosp,quantile,0.99,250.46979680117107
55,2026-02-14,2,2026-02-28,wk inc flu hosp,quantile,0.99,439.01542369050094
56,2026-02-14,2,2026-02-28,wk inc flu hosp,quantile,0.99,40.20355118976273
72,2026-02-14,2,2026-02-28,wk inc flu hosp,quantile,0.99,292.0644592260436
01,2026-02-14,3,2026-03-07,wk inc flu hosp,quantile,0.99,583.8566438658037
02,2026-02-14,3,2026-03-07,wk inc flu hosp,quantile,0.99,28.74582232717286
04,2026-02-14,3,2026-03-07,wk inc flu hosp,quantile,0.99,750.2945459153635
05,2026-02-14,3,2026-03-07,wk inc flu hosp,quantile,0.99,309.4096517172392
06,2026-02-14,3,2026-03-07,wk inc flu hosp,quantile,0.99,3066.5210474724613
08,2026-02-14,3,2026-03-07,wk inc flu hosp,quantile,0.99,230.95378775205884
09,2026-02-14,3,2026-03-07,wk inc flu hosp,quantile,0.99,119.99640392053506
10,2026-02-14,3,2026-03-07,wk inc flu hosp,quantile,0.99,82.3346276996016
11,2026-02-14,3,2026-03-07,wk inc flu hosp,quantile,0.99,16.19991646220537
12,2026-02-14,3,2026-03-07,wk inc flu hosp,quantile,0.99,2374.1963967017755
13,2026-02-14,3,2026-03-07,wk inc flu hosp,quantile,0.99,616.6725001833889
15,2026-02-14,3,2026-03-07,wk inc flu hosp,quantile,0.99,51.90910869398478
16,2026-02-14,3,2026-03-07,wk inc flu hosp,quantile,0.99,198.74529705313734
17,2026-02-14,3,2026-03-07,wk inc flu hosp,quantile,0.99,807.3282280015542
18,2026-02-14,3,2026-03-07,wk inc flu hosp,quantile,0.99,578.3018550503862
19,2026-02-14,3,2026-03-07,wk inc flu hosp,quantile,0.99,308.7495399244466
20,2026-02-14,3,2026-03-07,wk inc flu hosp,quantile,0.99,306.27740011394934
21,2026-02-14,3,2026-03-07,wk inc flu hosp,quantile,0.99,388.5090632476258
22,2026-02-14,3,2026-03-07,wk inc flu hosp,quantile,0.99,451.8528062218379
23,2026-02-14,3,2026-03-07,wk inc flu hosp,quantile,0.99,108.76506395796518
24,2026-02-14,3,2026-03-07,wk inc flu hosp,quantile,0.99,166.78174376469644
25,2026-02-14,3,2026-03-07,wk inc flu hosp,quantile,0.99,233.90356611823614
26,2026-02-14,3,2026-03-07,wk inc flu hosp,quantile,0.99,515.4888540241633
27,2026-02-14,3,2026-03-07,wk inc flu hosp,quantile,0.99,339.1369585002166
28,2026-02-14,3,2026-03-07,wk inc flu hosp,quantile,0.99,319.2582017734709
29,2026-02-14,3,2026-03-07,wk inc flu hosp,quantile,0.99,514.1114213238349
30,2026-02-14,3,2026-03-07,wk inc flu hosp,quantile,0.99,118.72120432455469
31,2026-02-14,3,2026-03-07,wk inc flu hosp,quantile,0.99,210.74449463636267
32,2026-02-14,3,2026-03-07,wk inc flu hosp,quantile,0.99,197.02135395213898
33,2026-02-14,3,2026-03-07,wk inc flu hosp,quantile,0.99,89.45820025559841
34,2026-02-14,3,2026-03-07,wk inc flu hosp,quantile,0.99,393.3138560139317
35,2026-02-14,3,2026-03-07,wk inc flu hosp,quantile,0.99,257.927726970284
36,2026-02-14,3,2026-03-07,wk inc flu hosp,quantile,0.99,492.49077591604487
37,2026-02-14,3,2026-03-07,wk inc flu hosp,quantile,0.99,680.7984531636644
38,2026-02-14,3,2026-03-07,wk inc flu hosp,quantile,0.99,78.29996122814296
39,2026-02-14,3,2026-03-07,wk inc flu hosp,quantile,0.99,878.5598957789409
40,2026-02-14,3,2026-03-07,wk inc flu hosp,quantile,0.99,330.37119182323715
41,2026-02-14,3,2026-03-07,wk inc flu hosp,quantile,0.99,694.232449399091
42,2026-02-14,3,2026-03-07,wk inc flu hosp,quantile,0.99,1202.8585181820285
44,2026-02-14,3,2026-03-07,wk inc flu hosp,quantile,0.99,49.293283633732976
45,2026-02-14,3,2026-03-07,wk inc flu hosp,quantile,0.99,323.0233362670299
46,2026-02-14,3,2026-03-07,wk inc flu hosp,quantile,0.99,89.46997805993065
47,2026-02-14,3,2026-03-07,wk inc flu hosp,quantile,0.99,510.44963471369886
48,2026-02-14,3,2026-03-07,wk inc flu hosp,quantile,0.99,2026.5660503659851
49,2026-02-14,3,2026-03-07,wk inc flu hosp,quantile,0.99,165.81272734703404
50,2026-02-14,3,2026-03-07,wk inc flu hosp,quantile,0.99,50.470959930321996
51,2026-02-14,3,2026-03-07,wk inc flu hosp,quantile,0.99,432.17956066257125
53,2026-02-14,3,2026-03-07,wk inc flu hosp,quantile,0.99,693.7156828306257
54,2026-02-14,3,2026-03-07,wk inc flu hosp,quantile,0.99,255.78069631300446
55,2026-02-14,3,2026-03-07,wk inc flu hosp,quantile,0.99,457.4343034903777
56,2026-02-14,3,2026-03-07,wk inc flu hosp,quantile,0.99,41.46285979700387
72,2026-02-14,3,2026-03-07,wk inc flu hosp,quantile,0.99,302.44423684707164
